154955831 69995676 155184404 535562237 187293747 70899056 107221208 38351114 21757834 46314920 11504154789 66276015790 5228966005 23070932 30897254 8930923 11201181 6161073 7733266 14276890 204726512 748871804 76135947 11725680 9201530 22978848 52715801 21245246 18386359 17991838 11230442 6253760 10039249 23852414 16191173 6374662 3427003 5684934 8156086 177 

220421931 63628010 66852330 204711431 274487236 171162135 227527736 133815298 49496467 55665114 9708430010 17284746906 2898792939 665966035 306561288 125933760 90492077 136133449 164546324 155701505 936730546 762443012 65307684 18296744 12249582 61701249 52947739 41545310 19537683 22098438 33561616 36403316 23660471 38149795 11293203 14187075 13033196 25469265 19851014 177 

220421931 63628010 66852330 204711431 274487236 171162135 227527736 133815298 49496467 55665114 9708430010 17284746906 2898792939 665966035 306561288 125933760 90492077 136133449 164546324 155701505 936730546 762443012 65307684 18296744 12249582 61701249 52947739 41545310 19537683 22098438 33561616 36403316 23660471 38149795 11293203 14187075 13033196 25469265 19851014 177 

220421931 63628010 66852330 204711431 274487236 171162135 227527736 133815298 49496467 55665114 9708430010 17284746906 2898792939 665966035 306561288 125933760 90492077 136133449 164546324 155701505 936730546 762443012 65307684 18296744 12249582 61701249 52947739 41545310 19537683 22098438 33561616 36403316 23660471 38149795 11293203 14187075 13033196 25469265 19851014 177 

220421931 63628010 66852330 204711431 274487236 171162135 227527736 133815298 49496467 55665114 9708430010 17284746906 2898792939 665966035 306561288 125933760 90492077 136133449 164546324 155701505 936730546 762443012 65307684 18296744 12249582 61701249 52947739 41545310 19537683 22098438 33561616 36403316 23660471 38149795 11293203 14187075 13033196 25469265 19851014 177 

220421931 63628010 66852330 204711431 274487236 171162135 227527736 133815298 49496467 55665114 9708430010 17284746906 2898792939 665966035 306561288 125933760 90492077 136133449 164546324 155701505 936730546 762443012 65307684 18296744 12249582 61701249 52947739 41545310 19537683 22098438 33561616 36403316 23660471 38149795 11293203 14187075 13033196 25469265 19851014 177 

220421931 63628010 66852330 204711431 274487236 171162135 227527736 133815298 49496467 55665114 9708430010 17284746906 2898792939 665966035 306561288 125933760 90492077 136133449 164546324 155701505 936730546 762443012 65307684 18296744 12249582 61701249 52947739 41545310 19537683 22098438 33561616 36403316 23660471 38149795 11293203 14187075 13033196 25469265 19851014 177 

220421931 63628010 66852330 204711431 274487236 171162135 227527736 133815298 49496467 55665114 9708430010 17284746906 2898792939 665966035 306561288 125933760 90492077 136133449 164546324 155701505 936730546 762443012 65307684 18296744 12249582 61701249 52947739 41545310 19537683 22098438 33561616 36403316 23660471 38149795 11293203 14187075 13033196 25469265 19851014 177 

220421931 63628010 66852330 204711431 274487236 171162135 227527736 133815298 49496467 55665114 9708430010 17284746906 2898792939 665966035 306561288 125933760 90492077 136133449 164546324 155701505 936730546 762443012 65307684 18296744 12249582 61701249 52947739 41545310 19537683 22098438 33561616 36403316 23660471 38149795 11293203 14187075 13033196 25469265 19851014 177 

220421931 63628010 66852330 204711431 274487236 171162135 227527736 133815298 49496467 55665114 9708430010 17284746906 2898792939 665966035 306561288 125933760 90492077 136133449 164546324 155701505 936730546 762443012 65307684 18296744 12249582 61701249 52947739 41545310 19537683 22098438 33561616 36403316 23660471 38149795 11293203 14187075 13033196 25469265 19851014 177 

220421931 63628010 66852330 204711431 274487236 171162135 227527736 133815298 49496467 55665114 9708430010 17284746906 2898792939 665966035 306561288 125933760 90492077 136133449 164546324 155701505 936730546 762443012 65307684 18296744 12249582 61701249 52947739 41545310 19537683 22098438 33561616 36403316 23660471 38149795 11293203 14187075 13033196 25469265 19851014 177 

220421931 63628010 66852330 204711431 274487236 171162135 227527736 133815298 49496467 55665114 9708430010 17284746906 2898792939 665966035 306561288 125933760 90492077 136133449 164546324 155701505 936730546 762443012 65307684 18296744 12249582 61701249 52947739 41545310 19537683 22098438 33561616 36403316 23660471 38149795 11293203 14187075 13033196 25469265 19851014 177 

220421931 63628010 66852330 204711431 274487236 171162135 227527736 133815298 49496467 55665114 9708430010 17284746906 2898792939 665966035 306561288 125933760 90492077 136133449 164546324 155701505 936730546 762443012 65307684 18296744 12249582 61701249 52947739 41545310 19537683 22098438 33561616 36403316 23660471 38149795 11293203 14187075 13033196 25469265 19851014 177 

220421931 63628010 66852330 204711431 274487236 171162135 227527736 133815298 49496467 55665114 9708430010 17284746906 2898792939 665966035 306561288 125933760 90492077 136133449 164546324 155701505 936730546 762443012 65307684 18296744 12249582 61701249 52947739 41545310 19537683 22098438 33561616 36403316 23660471 38149795 11293203 14187075 13033196 25469265 19851014 177 

220421931 63628010 66852330 204711431 274487236 171162135 227527736 133815298 49496467 55665114 9708430010 17284746906 2898792939 665966035 306561288 125933760 90492077 136133449 164546324 155701505 936730546 762443012 65307684 18296744 12249582 61701249 52947739 41545310 19537683 22098438 33561616 36403316 23660471 38149795 11293203 14187075 13033196 25469265 19851014 177 

220421931 63628010 66852330 204711431 274487236 171162135 227527736 133815298 49496467 55665114 9708430010 17284746906 2898792939 665966035 306561288 125933760 90492077 136133449 164546324 155701505 936730546 762443012 65307684 18296744 12249582 61701249 52947739 41545310 19537683 22098438 33561616 36403316 23660471 38149795 11293203 14187075 13033196 25469265 19851014 177 

220421931 63628010 66852330 204711431 274487236 171162135 227527736 133815298 49496467 55665114 9708430010 17284746906 2898792939 665966035 306561288 125933760 90492077 136133449 164546324 155701505 936730546 762443012 65307684 18296744 12249582 61701249 52947739 41545310 19537683 22098438 33561616 36403316 23660471 38149795 11293203 14187075 13033196 25469265 19851014 177 

220421931 63628010 66852330 204711431 274487236 171162135 227527736 133815298 49496467 55665114 9708430010 17284746906 2898792939 665966035 306561288 125933760 90492077 136133449 164546324 155701505 936730546 762443012 65307684 18296744 12249582 61701249 52947739 41545310 19537683 22098438 33561616 36403316 23660471 38149795 11293203 14187075 13033196 25469265 19851014 177 

220421931 63628010 66852330 204711431 274487236 171162135 227527736 133815298 49496467 55665114 9708430010 17284746906 2898792939 665966035 306561288 125933760 90492077 136133449 164546324 155701505 936730546 762443012 65307684 18296744 12249582 61701249 52947739 41545310 19537683 22098438 33561616 36403316 23660471 38149795 11293203 14187075 13033196 25469265 19851014 177 

220421931 63628010 66852330 204711431 274487236 171162135 227527736 133815298 49496467 55665114 9708430010 17284746906 2898792939 665966035 306561288 125933760 90492077 136133449 164546324 155701505 936730546 762443012 65307684 18296744 12249582 61701249 52947739 41545310 19537683 22098438 33561616 36403316 23660471 38149795 11293203 14187075 13033196 25469265 19851014 177 

220421931 63628010 66852330 204711431 274487236 171162135 227527736 133815298 49496467 55665114 9708430010 17284746906 2898792939 665966035 306561288 125933760 90492077 136133449 164546324 155701505 936730546 762443012 65307684 18296744 12249582 61701249 52947739 41545310 19537683 22098438 33561616 36403316 23660471 38149795 11293203 14187075 13033196 25469265 19851014 177 

220421931 63628010 66852330 204711431 274487236 171162135 227527736 133815298 49496467 55665114 9708430010 17284746906 2898792939 665966035 306561288 125933760 90492077 136133449 164546324 155701505 936730546 762443012 65307684 18296744 12249582 61701249 52947739 41545310 19537683 22098438 33561616 36403316 23660471 38149795 11293203 14187075 13033196 25469265 19851014 177 

220421931 63628010 66852330 204711431 274487236 171162135 227527736 133815298 49496467 55665114 9708430010 17284746906 2898792939 665966035 306561288 125933760 90492077 136133449 164546324 155701505 936730546 762443012 65307684 18296744 12249582 61701249 52947739 41545310 19537683 22098438 33561616 36403316 23660471 38149795 11293203 14187075 13033196 25469265 19851014 177 

220421931 63628010 66852330 204711431 274487236 171162135 227527736 133815298 49496467 55665114 9708430010 17284746906 2898792939 665966035 306561288 125933760 90492077 136133449 164546324 155701505 936730546 762443012 65307684 18296744 12249582 61701249 52947739 41545310 19537683 22098438 33561616 36403316 23660471 38149795 11293203 14187075 13033196 25469265 19851014 177 

220421931 63628010 66852330 204711431 274487236 171162135 227527736 133815298 49496467 55665114 9708430010 17284746906 2898792939 665966035 306561288 125933760 90492077 136133449 164546324 155701505 936730546 762443012 65307684 18296744 12249582 61701249 52947739 41545310 19537683 22098438 33561616 36403316 23660471 38149795 11293203 14187075 13033196 25469265 19851014 177 

220421931 63628010 66852330 204711431 274487236 171162135 227527736 133815298 49496467 55665114 9708430010 17284746906 2898792939 665966035 306561288 125933760 90492077 136133449 164546324 155701505 936730546 762443012 65307684 18296744 12249582 61701249 52947739 41545310 19537683 22098438 33561616 36403316 23660471 38149795 11293203 14187075 13033196 25469265 19851014 177 

220421931 63628010 66852330 204711431 274487236 171162135 227527736 133815298 49496467 55665114 9708430010 17284746906 2898792939 665966035 306561288 125933760 90492077 136133449 164546324 155701505 936730546 762443012 65307684 18296744 12249582 61701249 52947739 41545310 19537683 22098438 33561616 36403316 23660471 38149795 11293203 14187075 13033196 25469265 19851014 177 

220421931 63628010 66852330 204711431 274487236 171162135 227527736 133815298 49496467 55665114 9708430010 17284746906 2898792939 665966035 306561288 125933760 90492077 136133449 164546324 155701505 936730546 762443012 65307684 18296744 12249582 61701249 52947739 41545310 19537683 22098438 33561616 36403316 23660471 38149795 11293203 14187075 13033196 25469265 19851014 177 

655435169 325937560 115145624 634588283 452354591 253881074 1347988387 463322268 74471404 3034949980 55824136319 20498570598 739612182 221061152 133769914 72002802 69701899 89424620 88452339 112885760 1991252739 1619070385 139064355 49105390 74543646 203507466 239440934 135402129 82921187 56748289 29224052 10134963 32242117 44705404 54057952 50639372 50228774 73202513 51218079 177 

296673621 227610338 556773646 779259726 488117895 365840153 563642157 249915644 6437154536 24107906579 54835827328 19740354878 513320530 172825661 148893870 131555447 20639655 57301664 77985382 156097729 243092101 159448925 91154629 46357922 62389303 95165045 78006865 88581273 53895473 56327100 111870993 45313628 60520307 107528026 47830502 148952585 45904840 58568287 59164325 177 

413658986 60551547 182207695 161744909 776584636 381330691 865908007 3978712809 12817759679 5039161909 8359630886 5457849955 585038799 177114267 67222055 67482780 99801302 81135213 210924617 127162324 162002033 181004396 58011278 57273929 145955009 95202467 70414834 120316871 83378606 91545137 90754760 79588240 156469343 1210359443 1842684724 138534541 161326779 201718186 86132582 177 

177720907 237391832 201759930 607299131 259680281 261470516 838486699 282663479 3778897552 2222910484 1588331258 5019531454 226196162 148744358 67631096 110085719 68787608 143459545 45795610 20366806 191414472 424600832 35141290 66117174 186198957 161793914 84844596 87357592 70876016 90121035 511616118 139348339 112340432 1144220990 5239186023 3838443603 38795159 275996104 383339970 177 

1660601932 434160484 318285284 1021708215 832808601 1735505584 1570448619 397789172 949958759 3400984903 3729316201 10628485453 842125651 1334812187 1382739088 292373531 158709946 257733920 250675539 105772901 647308857 249218236 177539585 182562541 318336896 218123203 270718917 326963811 182238961 181759008 1673341929 1641660701 225942619 2525940663 18759689783 21837983274 149721640 926138480 3656191797 177 

359935580 159759710 163986218 331913726 385966402 106224330 358199888 375997424 400163189 479781130 1049506345 1537506556 147859624 35699512 211072140 182447927 63104334 41900471 27003672 50617120 113209475 118354763 53324655 40352174 36153507 100579764 37403242 29401186 17401177 30089205 150383510 146102176 59618675 100838965 2865784910 7965760943 114197571 25552877 1200124421 177 

528557584 555005395 1793946423 1889599061 976874440 807889681 4053076067 22974385650 4378822322 846835964 1422362426 1027711545 268444782 302289255 258988316 567107121 771729115 190739566 164352536 115553603 188283742 175123251 264164123 302255696 87050097 207148829 120292431 877744882 684865129 124963620 124402485 201729955 131922243 304280178 854783585 3712947360 392757686 128540380 1854016670 177 

2571015021 990522603 1411107321 3156797012 2296702100 400544982 5836528648 88199608547 14854314004 728177201 834194624 3226420448 803180558 95194007 172408987 712235658 559414601 164543446 80030891 100968946 202858985 483516894 261430778 80840692 46697099 54337295 138232115 968004098 214013774 69928032 191823790 500194880 182883487 277419834 518337655 3559647158 473787619 126857341 351014799 177 

360426741 132696892 120501440 187294620 697549939 154136929 607872431 54778309858 23913325010 842219527 405372079 754191316 202718235 77092358 42242110 132337154 252911279 28567551 29770373 24233354 47423403 68424654 48918819 22146641 20731482 14385823 43748185 129981683 171215650 34367075 79885302 152694621 212742258 48238765 278599242 1171143633 278140949 68338874 104128440 177 

613635942 312418356 80594914 132931299 168523451 777898992 1301458235 71492669058 68184160389 665811132 1187691303 3003099099 395658530 100850065 148158029 85809816 267150292 203887021 95861789 102284242 391832180 307100078 245881754 236510961 58512911 101743308 137011377 654220460 720260105 230983520 302266925 600411502 3190193950 2538991785 457437718 7933711899 1918838483 1146322677 242272050 177 

239634734 119391179 164443763 132204213 103566906 116159341 79008260 1907094079 3128515632 204666521 1396013323 1444878104 153339363 58535203 102328200 33979489 27186009 29951839 45448589 9784988 41855980 58486197 27617202 27807545 16205817 15436603 14200791 78527389 117510645 48603582 35537276 106370576 566602568 1079581222 644963380 944633850 345882028 309566619 373634427 177 

220617436 97136609 463177735 618736778 101407509 39035095 101414142 1537010693 3866440503 140095055 309451556 515623419 86935382 24797880 24057530 77758128 105410815 54780202 16330976 15938723 40903414 141178231 31179045 29811072 16710301 25591446 29734526 37066781 263174645 100626401 24150409 50646782 125446245 2579277122 2961152188 258432815 244667657 910325087 2674197996 177 

33142695 50962806 123023352 353540810 197889342 41457054 431490803 3022222939 9450018405 984740067 499819670 1614079189 168658353 69799777 59000932 41442145 149047764 131315188 35477729 21195274 44519648 175466112 85748278 93045163 43090895 48912868 78180615 1071614220 7016220403 288999968 52929813 38461096 101519603 2503841672 5530609711 190533501 116967698 96754068 2375869397 177 

67555215 46485015 47269769 81392661 58991086 80710863 253753159 2481780884 1849133088 346331571 792867000 5023566335 379166113 74562045 71881387 1611277858 3074239013 153423186 4680186 13210144 41769660 190599245 1597113125 266204204 36848453 28783055 28511750 1648445911 2399060349 122001054 71538188 60347881 133371719 989859665 3925252810 242457181 171160791 88739726 992953367 177 

86567619 42055487 109235213 54677422 30552210 109578346 634563331 3030935724 839274439 196121913 201432585 398851456 171972564 29807570 2356178119 54667185173 14027651581 33711509 156439 756902 35937423 1251475816 1514356185 271459109 22217261 17035405 20440033 1682341801 1433489271 48078816 52063569 105459142 253537781 1158823380 2076322547 870056396 166640572 105371837 272859201 177 

15377962 14534862 17148274 14119990 7146254 28979040 96433537 2432410133 1416467606 41453421 77685598 104645903 50911706 12576043 6666842864 31679235008 1389809897 1984589 1559408 1744057 153664809 1343318449 312913393 41098695 7372005 4709046 31458911 311278018 276176016 16498425 20602143 33155709 91143102 194878240 71382303 153089972 54298213 114867038 49144034 177 

192760089 83739875 50372401 45026603 53291340 47383373 352487843 5732352754 4956611166 235233409 542591533 608849496 156540869 93406688 846199965 10150994591 1208602948 95615224 191476535 120037416 8284522883 5817745153 1043289207 114770279 5645946 69895648 266716452 2825745925 1413957191 73416657 128809117 167631279 497638915 838274049 178904346 311952695 169837637 959290679 195676959 177 

69391510 154631422 306316848 356002355 81788100 121487675 184525155 1640883614 635491705 117113561 269735494 344382841 231099910 70382420 675350683 2999267827 745022728 102875056 124295508 689806877 26585620893 6884094977 1055215104 39259423 47930530 83364313 760352919 5977942948 3594183040 105572621 116757765 77611912 612053104 1467981255 366408649 335389338 138791141 342236146 179892026 177 

143111583 263940483 410231893 443421879 72629886 33423535 33658926 205510441 743350629 139908611 249915841 137341526 93418560 79408549 216229409 1532695640 933219511 253866402 78632467 480182657 48963423400 10508671900 354044909 48952460 68812595 154401858 437834792 2433664738 1624302055 89666780 76166434 69133158 211353601 441231461 193490504 91156282 98051823 1221742796 228286082 177 

160581493 202384273 178981309 346737503 68129785 42708276 48210582 193310231 577067265 513417313 116184186 116938979 50019434 49080667 129745127 767664508 756370799 62044398 36573324 735470006 13415383272 3588327794 329491533 130719154 74354087 95558789 581025754 7070184927 1738349077 28924214 43592629 44445809 1186679149 2013391125 90110548 84875260 102927790 810958008 242098133 177 

23081004 71897399 34354897 40392567 26469541 10999214 52949535 320423845 320706973 25176616 151803098 144672077 31494708 20085928 36183559 467295701 180844160 18331027 23610901 2742105835 10235890233 832243967 72558591 25874492 6998519 19859973 2547137841 12019523169 1065563629 3178146 3308701 45405416 234822633 295362803 20657270 30392615 67308767 494360791 92661932 177 

222887194 213899428 129850878 390438221 80724819 161542994 360699700 816180306 342852487 325051603 503754177 287504413 93387204 104524716 160461123 1724219091 792715557 66350747 1236529602 6526914693 17880778551 4639297612 1290639148 153605434 163233739 912898738 4979871026 7180936121 836799940 46064408 153849755 357856728 409313053 286499553 172868941 299662558 330036064 386629643 185126867 177 

50134996 78490788 87955494 224980912 153141283 119837753 294551607 807032362 1463800214 1316156361 784075129 223066591 44971764 31545514 87813185 1349832179 719118639 401217358 2541391665 2166120722 2328395815 1728423872 2284172302 69474608 498257479 516259532 731667650 570304534 109531842 35473049 58570686 74211165 37900296 17990489 75671667 101331053 49677657 81434083 41953398 177 

303480420 69396796 164860788 191207188 193628831 394672001 101805964 244321972 381507551 338745475 418187352 99255913 44061105 28266561 827781535 2729394004 676086993 1030483624 1721448782 506599858 2956425666 1269494253 1801419146 138487553 282962107 724444258 360539946 155606409 66229811 29167346 31730737 67786780 49974834 30430904 54827597 58015988 46777777 45603159 73622156 177 

138050020 242774241 250838641 350498264 71350915 68014521 114366973 200528587 208208270 210537267 548299395 189408621 116024871 92087255 2460847056 3650067588 678349719 483202348 557502675 361310505 1244891177 1072264032 650340234 117329522 77677303 133991021 343796428 1726332719 107385878 119333755 87863758 92157649 44018880 46132065 47335055 21844087 33987694 22091876 19140497 177 

179224122 117880887 103947689 106802114 149868607 144706751 88076938 69299419 123416871 52827543 136549443 608556696 634658840 1979312101 58726177