0 101662409 0 154955831 0 69995676 0 155184404 0 535562237 0 187293747 0 70899056 0 107221208 0 38351114 0 21757834 0 46314920 0 2914220197 2 1851506350 15 933998709 1 23070932 0 30897254 0 8930923 0 11201181 0 6161073 0 7733266 

0 151018661 0 220421931 0 63628010 0 66852330 0 204711431 0 274487236 0 171162135 0 227527736 0 133815298 0 49496467 0 55665114 0 1118495418 2 104877722 4 2898792939 0 665966035 0 306561288 0 125933760 0 90492077 0 136133449 0 164546324 

0 151018661 0 220421931 0 63628010 0 66852330 0 204711431 0 274487236 0 171162135 0 227527736 0 133815298 0 49496467 0 55665114 0 1118495418 2 104877722 4 2898792939 0 665966035 0 306561288 0 125933760 0 90492077 0 136133449 0 164546324 

0 151018661 0 220421931 0 63628010 0 66852330 0 204711431 0 274487236 0 171162135 0 227527736 0 133815298 0 49496467 0 55665114 0 1118495418 2 104877722 4 2898792939 0 665966035 0 306561288 0 125933760 0 90492077 0 136133449 0 164546324 

0 151018661 0 220421931 0 63628010 0 66852330 0 204711431 0 274487236 0 171162135 0 227527736 0 133815298 0 49496467 0 55665114 0 1118495418 2 104877722 4 2898792939 0 665966035 0 306561288 0 125933760 0 90492077 0 136133449 0 164546324 

0 151018661 0 220421931 0 63628010 0 66852330 0 204711431 0 274487236 0 171162135 0 227527736 0 133815298 0 49496467 0 55665114 0 1118495418 2 104877722 4 2898792939 0 665966035 0 306561288 0 125933760 0 90492077 0 136133449 0 164546324 

0 151018661 0 220421931 0 63628010 0 66852330 0 204711431 0 274487236 0 171162135 0 227527736 0 133815298 0 49496467 0 55665114 0 1118495418 2 104877722 4 2898792939 0 665966035 0 306561288 0 125933760 0 90492077 0 136133449 0 164546324 

0 151018661 0 220421931 0 63628010 0 66852330 0 204711431 0 274487236 0 171162135 0 227527736 0 133815298 0 49496467 0 55665114 0 1118495418 2 104877722 4 2898792939 0 665966035 0 306561288 0 125933760 0 90492077 0 136133449 0 164546324 

0 151018661 0 220421931 0 63628010 0 66852330 0 204711431 0 274487236 0 171162135 0 227527736 0 133815298 0 49496467 0 55665114 0 1118495418 2 104877722 4 2898792939 0 665966035 0 306561288 0 125933760 0 90492077 0 136133449 0 164546324 

0 151018661 0 220421931 0 63628010 0 66852330 0 204711431 0 274487236 0 171162135 0 227527736 0 133815298 0 49496467 0 55665114 0 1118495418 2 104877722 4 2898792939 0 665966035 0 306561288 0 125933760 0 90492077 0 136133449 0 164546324 

0 151018661 0 220421931 0 63628010 0 66852330 0 204711431 0 274487236 0 171162135 0 227527736 0 133815298 0 49496467 0 55665114 0 1118495418 2 104877722 4 2898792939 0 665966035 0 306561288 0 125933760 0 90492077 0 136133449 0 164546324 

0 151018661 0 220421931 0 63628010 0 66852330 0 204711431 0 274487236 0 171162135 0 227527736 0 133815298 0 49496467 0 55665114 0 1118495418 2 104877722 4 2898792939 0 665966035 0 306561288 0 125933760 0 90492077 0 136133449 0 164546324 

0 151018661 0 220421931 0 63628010 0 66852330 0 204711431 0 274487236 0 171162135 0 227527736 0 133815298 0 49496467 0 55665114 0 1118495418 2 104877722 4 2898792939 0 665966035 0 306561288 0 125933760 0 90492077 0 136133449 0 164546324 

0 151018661 0 220421931 0 63628010 0 66852330 0 204711431 0 274487236 0 171162135 0 227527736 0 133815298 0 49496467 0 55665114 0 1118495418 2 104877722 4 2898792939 0 665966035 0 306561288 0 125933760 0 90492077 0 136133449 0 164546324 

0 151018661 0 220421931 0 63628010 0 66852330 0 204711431 0 274487236 0 171162135 0 227527736 0 133815298 0 49496467 0 55665114 0 1118495418 2 104877722 4 2898792939 0 665966035 0 306561288 0 125933760 0 90492077 0 136133449 0 164546324 

0 151018661 0 220421931 0 63628010 0 66852330 0 204711431 0 274487236 0 171162135 0 227527736 0 133815298 0 49496467 0 55665114 0 1118495418 2 104877722 4 2898792939 0 665966035 0 306561288 0 125933760 0 90492077 0 136133449 0 164546324 

0 151018661 0 220421931 0 63628010 0 66852330 0 204711431 0 274487236 0 171162135 0 227527736 0 133815298 0 49496467 0 55665114 0 1118495418 2 104877722 4 2898792939 0 665966035 0 306561288 0 125933760 0 90492077 0 136133449 0 164546324 

0 151018661 0 220421931 0 63628010 0 66852330 0 204711431 0 274487236 0 171162135 0 227527736 0 133815298 0 49496467 0 55665114 0 1118495418 2 104877722 4 2898792939 0 665966035 0 306561288 0 125933760 0 90492077 0 136133449 0 164546324 

0 151018661 0 220421931 0 63628010 0 66852330 0 204711431 0 274487236 0 171162135 0 227527736 0 133815298 0 49496467 0 55665114 0 1118495418 2 104877722 4 2898792939 0 665966035 0 306561288 0 125933760 0 90492077 0 136133449 0 164546324 

0 151018661 0 220421931 0 63628010 0 66852330 0 204711431 0 274487236 0 171162135 0 227527736 0 133815298 0 49496467 0 55665114 0 1118495418 2 104877722 4 2898792939 0 665966035 0 306561288 0 125933760 0 90492077 0 136133449 0 164546324 

0 151018661 0 220421931 0 63628010 0 66852330 0 204711431 0 274487236 0 171162135 0 227527736 0 133815298 0 49496467 0 55665114 0 1118495418 2 104877722 4 2898792939 0 665966035 0 306561288 0 125933760 0 90492077 0 136133449 0 164546324 

0 151018661 0 220421931 0 63628010 0 66852330 0 204711431 0 274487236 0 171162135 0 227527736 0 133815298 0 49496467 0 55665114 0 1118495418 2 104877722 4 2898792939 0 665966035 0 306561288 0 125933760 0 90492077 0 136133449 0 164546324 

0 151018661 0 220421931 0 63628010 0 66852330 0 204711431 0 274487236 0 171162135 0 227527736 0 133815298 0 49496467 0 55665114 0 1118495418 2 104877722 4 2898792939 0 665966035 0 306561288 0 125933760 0 90492077 0 136133449 0 164546324 

0 151018661 0 220421931 0 63628010 0 66852330 0 204711431 0 274487236 0 171162135 0 227527736 0 133815298 0 49496467 0 55665114 0 1118495418 2 104877722 4 2898792939 0 665966035 0 306561288 0 125933760 0 90492077 0 136133449 0 164546324 

0 151018661 0 220421931 0 63628010 0 66852330 0 204711431 0 274487236 0 171162135 0 227527736 0 133815298 0 49496467 0 55665114 0 1118495418 2 104877722 4 2898792939 0 665966035 0 306561288 0 125933760 0 90492077 0 136133449 0 164546324 

0 151018661 0 220421931 0 63628010 0 66852330 0 204711431 0 274487236 0 171162135 0 227527736 0 133815298 0 49496467 0 55665114 0 1118495418 2 104877722 4 2898792939 0 665966035 0 306561288 0 125933760 0 90492077 0 136133449 0 164546324 

0 151018661 0 220421931 0 63628010 0 66852330 0 204711431 0 274487236 0 171162135 0 227527736 0 133815298 0 49496467 0 55665114 0 1118495418 2 104877722 4 2898792939 0 665966035 0 306561288 0 125933760 0 90492077 0 136133449 0 164546324 

0 151018661 0 220421931 0 63628010 0 66852330 0 204711431 0 274487236 0 171162135 0 227527736 0 133815298 0 49496467 0 55665114 0 1118495418 2 104877722 4 2898792939 0 665966035 0 306561288 0 125933760 0 90492077 0 136133449 0 164546324 

0 662275993 0 655435169 0 325937560 0 115145624 0 634588283 0 452354591 0 253881074 0 1347988387 0 463322268 0 74471404 0 3034949980 0 4284528767 12 3318701414 4 739612182 0 221061152 0 133769914 0 72002802 0 69701899 0 89424620 0 88452339 

0 457169597 0 296673621 0 227610338 0 556773646 0 779259726 0 488117895 0 365840153 0 563642157 0 249915644 0 2142187240 1 2633070099 5 3296219776 12 2560485694 4 513320530 0 172825661 0 148893870 0 131555447 0 20639655 0 57301664 0 77985382 

0 419000014 0 413658986 0 60551547 0 182207695 0 161744909 0 776584636 0 381330691 0 865908007 0 3978712809 0 4227825087 2 744194613 1 4064663590 1 1162882659 1 585038799 0 177114267 0 67222055 0 67482780 0 99801302 0 81135213 0 210924617 

0 411320015 0 177720907 0 237391832 0 201759930 0 607299131 0 259680281 0 261470516 0 838486699 0 282663479 0 3778897552 0 2222910484 0 1588331258 0 724564158 1 226196162 0 148744358 0 67631096 0 110085719 0 68787608 0 143459545 0 45795610 

0 1735503094 0 1660601932 0 434160484 0 318285284 0 1021708215 0 832808601 0 1735505584 0 1570448619 0 397789172 0 949958759 0 3400984903 0 3729316201 0 2038550861 2 842125651 0 1334812187 0 1382739088 0 292373531 0 158709946 0 257733920 0 250675539 

0 847279494 0 359935580 0 159759710 0 163986218 0 331913726 0 385966402 0 106224330 0 358199888 0 375997424 0 400163189 0 479781130 0 1049506345 0 1537506556 0 147859624 0 35699512 0 211072140 0 182447927 0 63104334 0 41900471 0 27003672 

0 3124821832 0 528557584 0 555005395 0 1793946423 0 1889599061 0 976874440 0 807889681 0 4053076067 0 1499549170 5 83855026 1 846835964 0 1422362426 0 1027711545 0 268444782 0 302289255 0 258988316 0 567107121 0 771729115 0 190739566 0 164352536 

0 1774720775 0 2571015021 0 990522603 0 1411107321 0 3156797012 0 2296702100 0 400544982 0 1541561352 1 2300262627 20 1969412116 3 728177201 0 834194624 0 3226420448 0 803180558 0 95194007 0 172408987 0 712235658 0 559414601 0 164543446 0 80030891 

0 720965923 0 360426741 0 132696892 0 120501440 0 187294620 0 697549939 0 154136929 0 607872431 0 3238702306 12 2438488530 5 842219527 0 405372079 0 754191316 0 202718235 0 77092358 0 42242110 0 132337154 0 252911279 0 28567551 0 29770373 

0 1583882970 0 613635942 0 312418356 0 80594914 0 132931299 0 168523451 0 777898992 0 1301458235 0 2773192322 16 3759650949 15 665811132 0 1187691303 0 3003099099 0 395658530 0 100850065 0 148158029 0 85809816 0 267150292 0 203887021 0 95861789 

0 595015906 0 239634734 0 119391179 0 164443763 0 132204213 0 103566906 0 116159341 0 79008260 0 1907094079 0 3128515632 0 204666521 0 1396013323 0 1444878104 0 153339363 0 58535203 0 102328200 0 33979489 0 27186009 0 29951839 0 45448589 

0 785899256 0 220617436 0 97136609 0 463177735 0 618736778 0 101407509 0 39035095 0 101414142 0 1537010693 0 3866440503 0 140095055 0 309451556 0 515623419 0 86935382 0 24797880 0 24057530 0 77758128 0 105410815 0 54780202 0 16330976 

0 662224753 0 33142695 0 50962806 0 123023352 0 353540810 0 197889342 0 41457054 0 431490803 0 3022222939 0 860083813 2 984740067 0 499819670 0 1614079189 0 168658353 0 69799777 0 59000932 0 41442145 0 149047764 0 131315188 0 35477729 

0 578177689 0 67555215 0 46485015 0 47269769 0 81392661 0 58991086 0 80710863 0 253753159 0 2481780884 0 1849133088 0 346331571 0 792867000 0 728599039 1 379166113 0 74562045 0 71881387 0 1611277858 0 3074239013 0 153423186 0 4680186 

0 604086285 0 86567619 0 42055487 0 109235213 0 54677422 0 30552210 0 109578346 0 634563331 0 3030935724 0 839274439 0 196121913 0 201432585 0 398851456 0 171972564 0 29807570 0 2356178119 0 3127577621 12 1142749693 3 33711509 0 156439 

0 84863038 0 15377962 0 14534862 0 17148274 0 14119990 0 7146254 0 28979040 0 96433537 0 2432410133 0 1416467606 0 41453421 0 77685598 0 104645903 0 50911706 0 12576043 0 2371875568 1 1614463936 7 1389809897 0 1984589 0 1559408 

0 388124087 0 192760089 0 83739875 0 50372401 0 45026603 0 53291340 0 47383373 0 352487843 0 1437385458 1 661643870 1 235233409 0 542591533 0 608849496 0 156540869 0 93406688 0 846199965 0 1561059999 2 1208602948 0 95615224 0 191476535 

0 815089498 0 69391510 0 154631422 0 306316848 0 356002355 0 81788100 0 121487675 0 184525155 0 1640883614 0 635491705 0 117113561 0 269735494 0 344382841 0 231099910 0 70382420 0 675350683 0 2999267827 0 745022728 0 102875056 0 124295508 

0 1616240719 0 143111583 0 263940483 0 410231893 0 443421879 0 72629886 0 33423535 0 33658926 0 205510441 0 743350629 0 139908611 0 249915841 0 137341526 0 93418560 0 79408549 0 216229409 0 1532695640 0 933219511 0 253866402 0 78632467 

0 805151589 0 160581493 0 202384273 0 178981309 0 346737503 0 68129785 0 42708276 0 48210582 0 193310231 0 577067265 0 513417313 0 116184186 0 116938979 0 50019434 0 49080667 0 129745127 0 767664508 0 756370799 0 62044398 0 36573324 

0 77535758 0 23081004 0 71897399 0 34354897 0 40392567 0 26469541 0 10999214 0 52949535 0 320423845 0 320706973 0 25176616 0 151803098 0 144672077 0 31494708 0 20085928 0 36183559 0 467295701 0 180844160 0 18331027 0 23610901 

0 597256424 0 222887194 0 213899428 0 129850878 0 390438221 0 80724819 0 161542994 0 360699700 0 816180306 0 342852487 0 325051603 0 503754177 0 287504413 0 93387204 0 104524716 0 160461123 0 1724219091 0 792715557 0 66350747 0 1236529602 

0 169876314 0 50134996 0 78490788 0 87955494 0 224980912 0 153141283 0 119837753 0 294551607 0 807032362 0 1463800214 0 1316156361 0 784075129 0 223066591 0 44971764 0 31545514 0 87813185 0 1349832179 0 719118639 0 401217358 0 2541391665 

0 554348500 0 303480420 0 69396796 0 164860788 0 191207188 0 193628831 0 394672