-2.25948 2.05441 -0.203391 -0.400618 -1.27913 -0.376347 1.23594 1.88769 -0.383657 -2.30481 -1.74024 0.472954 0.64505 0.468438 1.58839 -0.339914 -1.31878 -0.888033 1.10883 0.647977 0.518321 0.612907 -0.480337 -0.782318 -0.370385 0.18917 0.13727 -0.340829 -0.418849 -0.122974 -0.368032 0.0267104 0.436634 0.161092 -0.315667 0.0585354 0.154357 0.103519 -0.0995851 -0.117774 
2.02344 1.71778 -1.81452 -1.69681 -0.214654 0.455275 0.464795 0.90785 0.147951 -1.7803 -0.927711 0.793103 1.4088 0.222205 0.848814 0.221805 -1.17248 -0.238848 0.531157 0.144793 0.277135 0.489071 -0.340022 -0.601223 -0.579032 -0.027029 0.133683 0.0662706 -0.0240222 -0.173567 0.01088 -0.305939 -0.14617 0.296217 -0.0938035 -0.0251436 -0.037565 0.0498035 -0.41759 0.0886828 
2.02344 1.71778 -1.81452 -1.69681 -0.214654 0.455275 0.464795 0.90785 0.147951 -1.7803 -0.927711 0.793103 1.4088 0.222205 0.848814 0.221805 -1.17248 -0.238848 0.531157 0.144793 0.277135 0.489071 -0.340022 -0.601223 -0.579032 -0.027029 0.133683 0.0662706 -0.0240222 -0.173567 0.01088 -0.305939 -0.14617 0.296217 -0.0938035 -0.0251436 -0.037565 0.0498035 -0.41759 0.0886828 
2.02344 1.71778 -1.81452 -1.69681 -0.214654 0.455275 0.464795 0.90785 0.147951 -1.7803 -0.927711 0.793103 1.4088 0.222205 0.848814 0.221805 -1.17248 -0.238848 0.531157 0.144793 0.277135 0.489071 -0.340022 -0.601223 -0.579032 -0.027029 0.133683 0.0662706 -0.0240222 -0.173567 0.01088 -0.305939 -0.14617 0.296217 -0.0938035 -0.0251436 -0.037565 0.0498035 -0.41759 0.0886828 
2.02344 1.71778 -1.81452 -1.69681 -0.214654 0.455275 0.464795 0.90785 0.147951 -1.7803 -0.927711 0.793103 1.4088 0.222205 0.848814 0.221805 -1.17248 -0.238848 0.531157 0.144793 0.277135 0.489071 -0.340022 -0.601223 -0.579032 -0.027029 0.133683 0.0662706 -0.0240222 -0.173567 0.01088 -0.305939 -0.14617 0.296217 -0.0938035 -0.0251436 -0.037565 0.0498035 -0.41759 0.0886828 
2.02344 1.71778 -1.81452 -1.69681 -0.214654 0.455275 0.464795 0.90785 0.147951 -1.7803 -0.927711 0.793103 1.4088 0.222205 0.848814 0.221805 -1.17248 -0.238848 0.531157 0.144793 0.277135 0.489071 -0.340022 -0.601223 -0.579032 -0.027029 0.133683 0.0662706 -0.0240222 -0.173567 0.01088 -0.305939 -0.14617 0.296217 -0.0938035 -0.0251436 -0.037565 0.0498035 -0.41759 0.0886828 
2.02344 1.71778 -1.81452 -1.69681 -0.214654 0.455275 0.464795 0.90785 0.147951 -1.7803 -0.927711 0.793103 1.4088 0.222205 0.848814 0.221805 -1.17248 -0.238848 0.531157 0.144793 0.277135 0.489071 -0.340022 -0.601223 -0.579032 -0.027029 0.133683 0.0662706 -0.0240222 -0.173567 0.01088 -0.305939 -0.14617 0.296217 -0.0938035 -0.0251436 -0.037565 0.0498035 -0.41759 0.0886828 
2.02344 1.71778 -1.81452 -1.69681 -0.214654 0.455275 0.464795 0.90785 0.147951 -1.7803 -0.927711 0.793103 1.4088 0.222205 0.848814 0.221805 -1.17248 -0.238848 0.531157 0.144793 0.277135 0.489071 -0.340022 -0.601223 -0.579032 -0.027029 0.133683 0.0662706 -0.0240222 -0.173567 0.01088 -0.305939 -0.14617 0.296217 -0.0938035 -0.0251436 -0.037565 0.0498035 -0.41759 0.0886828 
2.02344 1.71778 -1.81452 -1.69681 -0.214654 0.455275 0.464795 0.90785 0.147951 -1.7803 -0.927711 0.793103 1.4088 0.222205 0.848814 0.221805 -1.17248 -0.238848 0.531157 0.144793 0.277135 0.489071 -0.340022 -0.601223 -0.579032 -0.027029 0.133683 0.0662706 -0.0240222 -0.173567 0.01088 -0.305939 -0.14617 0.296217 -0.0938035 -0.0251436 -0.037565 0.0498035 -0.41759 0.0886828 
2.02344 1.71778 -1.81452 -1.69681 -0.214654 0.455275 0.464795 0.90785 0.147951 -1.7803 -0.927711 0.793103 1.4088 0.222205 0.848814 0.221805 -1.17248 -0.238848 0.531157 0.144793 0.277135 0.489071 -0.340022 -0.601223 -0.579032 -0.027029 0.133683 0.0662706 -0.0240222 -0.173567 0.01088 -0.305939 -0.14617 0.296217 -0.0938035 -0.0251436 -0.037565 0.0498035 -0.41759 0.0886828 
2.02344 1.71778 -1.81452 -1.69681 -0.214654 0.455275 0.464795 0.90785 0.147951 -1.7803 -0.927711 0.793103 1.4088 0.222205 0.848814 0.221805 -1.17248 -0.238848 0.531157 0.144793 0.277135 0.489071 -0.340022 -0.601223 -0.579032 -0.027029 0.133683 0.0662706 -0.0240222 -0.173567 0.01088 -0.305939 -0.14617 0.296217 -0.0938035 -0.0251436 -0.037565 0.0498035 -0.41759 0.0886828 
2.02344 1.71778 -1.81452 -1.69681 -0.214654 0.455275 0.464795 0.90785 0.147951 -1.7803 -0.927711 0.793103 1.4088 0.222205 0.848814 0.221805 -1.17248 -0.238848 0.531157 0.144793 0.277135 0.489071 -0.340022 -0.601223 -0.579032 -0.027029 0.133683 0.0662706 -0.0240222 -0.173567 0.01088 -0.305939 -0.14617 0.296217 -0.0938035 -0.0251436 -0.037565 0.0498035 -0.41759 0.0886828 
2.02344 1.71778 -1.81452 -1.69681 -0.214654 0.455275 0.464795 0.90785 0.147951 -1.7803 -0.927711 0.793103 1.4088 0.222205 0.848814 0.221805 -1.17248 -0.238848 0.531157 0.144793 0.277135 0.489071 -0.340022 -0.601223 -0.579032 -0.027029 0.133683 0.0662706 -0.0240222 -0.173567 0.01088 -0.305939 -0.14617 0.296217 -0.0938035 -0.0251436 -0.037565 0.0498035 -0.41759 0.0886828 
2.02344 1.71778 -1.81452 -1.69681 -0.214654 0.455275 0.464795 0.90785 0.147951 -1.7803 -0.927711 0.793103 1.4088 0.222205 0.848814 0.221805 -1.17248 -0.238848 0.531157 0.144793 0.277135 0.489071 -0.340022 -0.601223 -0.579032 -0.027029 0.133683 0.0662706 -0.0240222 -0.173567 0.01088 -0.305939 -0.14617 0.296217 -0.0938035 -0.0251436 -0.037565 0.0498035 -0.41759 0.0886828 
2.02344 1.71778 -1.81452 -1.69681 -0.214654 0.455275 0.464795 0.90785 0.147951 -1.7803 -0.927711 0.793103 1.4088 0.222205 0.848814 0.221805 -1.17248 -0.238848 0.531157 0.144793 0.277135 0.489071 -0.340022 -0.601223 -0.579032 -0.027029 0.133683 0.0662706 -0.0240222 -0.173567 0.01088 -0.305939 -0.14617 0.296217 -0.0938035 -0.0251436 -0.037565 0.0498035 -0.41759 0.0886828 
2.02344 1.71778 -1.81452 -1.69681 -0.214654 0.455275 0.464795 0.90785 0.147951 -1.7803 -0.927711 0.793103 1.4088 0.222205 0.848814 0.221805 -1.17248 -0.238848 0.531157 0.144793 0.277135 0.489071 -0.340022 -0.601223 -0.579032 -0.027029 0.133683 0.0662706 -0.0240222 -0.173567 0.01088 -0.305939 -0.14617 0.296217 -0.0938035 -0.0251436 -0.037565 0.0498035 -0.41759 0.0886828 
2.02344 1.71778 -1.81452 -1.69681 -0.214654 0.455275 0.464795 0.90785 0.147951 -1.7803 -0.927711 0.793103 1.4088 0.222205 0.848814 0.221805 -1.17248 -0.238848 0.531157 0.144793 0.277135 0.489071 -0.340022 -0.601223 -0.579032 -0.027029 0.133683 0.0662706 -0.0240222 -0.173567 0.01088 -0.305939 -0.14617 0.296217 -0.0938035 -0.0251436 -0.037565 0.0498035 -0.41759 0.0886828 
2.02344 1.71778 -1.81452 -1.69681 -0.214654 0.455275 0.464795 0.90785 0.147951 -1.7803 -0.927711 0.793103 1.4088 0.222205 0.848814 0.221805 -1.17248 -0.238848 0.531157 0.144793 0.277135 0.489071 -0.340022 -0.601223 -0.579032 -0.027029 0.133683 0.0662706 -0.0240222 -0.173567 0.01088 -0.305939 -0.14617 0.296217 -0.0938035 -0.0251436 -0.037565 0.0498035 -0.41759 0.0886828 
2.02344 1.71778 -1.81452 -1.69681 -0.214654 0.455275 0.464795 0.90785 0.147951 -1.7803 -0.927711 0.793103 1.4088 0.222205 0.848814 0.221805 -1.17248 -0.238848 0.531157 0.144793 0.277135 0.489071 -0.340022 -0.601223 -0.579032 -0.027029 0.133683 0.0662706 -0.0240222 -0.173567 0.01088 -0.305939 -0.14617 0.296217 -0.0938035 -0.0251436 -0.037565 0.0498035 -0.41759 0.0886828 
2.02344 1.71778 -1.81452 -1.69681 -0.214654 0.455275 0.464795 0.90785 0.147951 -1.7803 -0.927711 0.793103 1.4088 0.222205 0.848814 0.221805 -1.17248 -0.238848 0.531157 0.144793 0.277135 0.489071 -0.340022 -0.601223 -0.579032 -0.027029 0.133683 0.0662706 -0.0240222 -0.173567 0.01088 -0.305939 -0.14617 0.296217 -0.0938035 -0.0251436 -0.037565 0.0498035 -0.41759 0.0886828 
2.02344 1.71778 -1.81452 -1.69681 -0.214654 0.455275 0.464795 0.90785 0.147951 -1.7803 -0.927711 0.793103 1.4088 0.222205 0.848814 0.221805 -1.17248 -0.238848 0.531157 0.144793 0.277135 0.489071 -0.340022 -0.601223 -0.579032 -0.027029 0.133683 0.0662706 -0.0240222 -0.173567 0.01088 -0.305939 -0.14617 0.296217 -0.0938035 -0.0251436 -0.037565 0.0498035 -0.41759 0.0886828 
2.02344 1.71778 -1.81452 -1.69681 -0.214654 0.455275 0.464795 0.90785 0.147951 -1.7803 -0.927711 0.793103 1.4088 0.222205 0.848814 0.221805 -1.17248 -0.238848 0.531157 0.144793 0.277135 0.489071 -0.340022 -0.601223 -0.579032 -0.027029 0.133683 0.0662706 -0.0240222 -0.173567 0.01088 -0.305939 -0.14617 0.296217 -0.0938035 -0.0251436 -0.037565 0.0498035 -0.41759 0.0886828 
2.02344 1.71778 -1.81452 -1.69681 -0.214654 0.455275 0.464795 0.90785 0.147951 -1.7803 -0.927711 0.793103 1.4088 0.222205 0.848814 0.221805 -1.17248 -0.238848 0.531157 0.144793 0.277135 0.489071 -0.340022 -0.601223 -0.579032 -0.027029 0.133683 0.0662706 -0.0240222 -0.173567 0.01088 -0.305939 -0.14617 0.296217 -0.0938035 -0.0251436 -0.037565 0.0498035 -0.41759 0.0886828 
2.02344 1.71778 -1.81452 -1.69681 -0.214654 0.455275 0.464795 0.90785 0.147951 -1.7803 -0.927711 0.793103 1.4088 0.222205 0.848814 0.221805 -1.17248 -0.238848 0.531157 0.144793 0.277135 0.489071 -0.340022 -0.601223 -0.579032 -0.027029 0.133683 0.0662706 -0.0240222 -0.173567 0.01088 -0.305939 -0.14617 0.296217 -0.0938035 -0.0251436 -0.037565 0.0498035 -0.41759 0.0886828 
2.02344 1.71778 -1.81452 -1.69681 -0.214654 0.455275 0.464795 0.90785 0.147951 -1.7803 -0.927711 0.793103 1.4088 0.222205 0.848814 0.221805 -1.17248 -0.238848 0.531157 0.144793 0.277135 0.489071 -0.340022 -0.601223 -0.579032 -0.027029 0.133683 0.0662706 -0.0240222 -0.173567 0.01088 -0.305939 -0.14617 0.296217 -0.0938035 -0.0251436 -0.037565 0.0498035 -0.41759 0.0886828 
2.02344 1.71778 -1.81452 -1.69681 -0.214654 0.455275 0.464795 0.90785 0.147951 -1.7803 -0.927711 0.793103 1.4088 0.222205 0.848814 0.221805 -1.17248 -0.238848 0.531157 0.144793 0.277135 0.489071 -0.340022 -0.601223 -0.579032 -0.027029 0.133683 0.0662706 -0.0240222 -0.173567 0.01088 -0.305939 -0.14617 0.296217 -0.0938035 -0.0251436 -0.037565 0.0498035 -0.41759 0.0886828 
2.02344 1.71778 -1.81452 -1.69681 -0.214654 0.455275 0.464795 0.90785 0.147951 -1.7803 -0.927711 0.793103 1.4088 0.222205 0.848814 0.221805 -1.17248 -0.238848 0.531157 0.144793 0.277135 0.489071 -0.340022 -0.601223 -0.579032 -0.027029 0.133683 0.0662706 -0.0240222 -0.173567 0.01088 -0.305939 -0.14617 0.296217 -0.0938035 -0.0251436 -0.037565 0.0498035 -0.41759 0.0886828 
2.02344 1.71778 -1.81452 -1.69681 -0.214654 0.455275 0.464795 0.90785 0.147951 -1.7803 -0.927711 0.793103 1.4088 0.222205 0.848814 0.221805 -1.17248 -0.238848 0.531157 0.144793 0.277135 0.489071 -0.340022 -0.601223 -0.579032 -0.027029 0.133683 0.0662706 -0.0240222 -0.173567 0.01088 -0.305939 -0.14617 0.296217 -0.0938035 -0.0251436 -0.037565 0.0498035 -0.41759 0.0886828 
-1.60018 1.81197 -0.684743 -0.841116 -0.600155 -1.13378 1.33924 1.29551 0.746633 -0.828277 -1.48113 0.651953 0.470383 0.331691 1.38434 0.384747 -0.999441 -1.18804 0.224643 0.204626 0.101416 1.0752 0.293151 -0.539804 -0.931909 -0.545157 -0.0288962 -0.268712 -0.105454 0.397115 0.0439815 0.0914362 0.0608992 0.46351 -0.00931662 -0.158955 0.130189 -0.0684435 0.0292721 -0.0610003 
-1.07004 2.02499 0.312665 -1.73557 -2.02261 -1.07171 0.833786 1.77724 0.920586 -0.696814 -1.45875 -0.669006 -0.242288 0.0817375 0.677287 1.02951 0.231485 -0.495579 -0.222325 -0.0468257 0.376955 0.391533 0.0914082 -0.059953 0.0613117 0.190927 0.243937 -0.372128 -0.0860691 -0.336176 0.060947 0.171411 -0.251665 0.484376 0.0633321 0.21372 -0.375547 -0.184596 -0.158332 0.122106 
-0.228309 0.504919 0.861794 -2.0367 -1.91973 -1.14115 -0.290198 1.88358 0.84483 0.890406 -0.79996 0.0303732 0.169237 0.115763 0.623882 0.000343537 0.557696 -0.293187 0.489181 0.259136 -0.186095 0.151747 -0.480192 -0.0573596 -0.643988 0.643768 -0.185432 0.270231 0.179616 -0.0543226 -0.432191 -0.223375 0.133202 -0.0937407 -0.0825222 -0.544592 -0.26146 -0.244824 -0.26036 -0.170186 
-0.848534 -0.568081 1.53212 -1.46465 -1.17387 -0.630371 0.10077 1.36916 -0.127335 0.464376 -0.788651 -0.218993 -0.265581 0.166966 0.637483 0.00798666 0.439502 -0.993881 1.47817 -0.638089 0.247409 -0.0997522 0.413198 -0.242328 -0.408326 0.973448 0.101761 -0.373117 -0.470976 -0.116677 -0.443222 0.351379 0.116624 1.16963 -0.0253032 0.340663 -0.481992 -0.211254 0.0486333 0.301554 
-2.27615 -0.912619 1.74733 -1.67035 -0.534765 0.147369 0.349613 1.08879 -0.379744 0.0912854 -0.380448 0.439379 0.402148 0.322442 0.77156 0.120295 0.630107 -1.22559 0.741874 -1.43605 1.14578 -0.402549 0.840942 -0.491358 -0.569494 0.594886 -0.0733172 -0.0531472 -0.699341 -0.234173 -0.349309 0.321655 -0.12809 0.782834 -0.350807 0.081006 -0.68079 0.620921 0.15076 0.155895 
-2.92647 0.0285509 1.75223 -1.57471 -0.0864819 -0.302219 0.0706166 1.37661 -0.0922938 0.470535 -0.248302 0.10639 -0.332489 0.258612 0.601198 0.662985 -0.0914782 -1.01853 1.19804 -0.50465 1.5068 -0.718754 0.515945 -1.05037 0.226128 -0.0876713 0.331427 -0.19878 -0.129567 -0.22557 0.234586 0.332153 -0.0298325 0.25319 -0.235237 -0.0176112 -0.129925 0.0210563 -0.231557 0.0624678 
-3.44747 0.530254 1.56272 -1.01831 -0.605255 -0.873136 -0.232844 -0.184231 0.276913 0.828249 0.0368727 0.560227 -0.780984 -0.065404 0.370987 -0.543411 0.0542143 0.183912 0.83402 0.636508 1.14636 -0.355564 0.6514 -0.573096 0.1776 -0.248228 0.162093 0.311972 0.448846 -0.114785 0.195607 -0.320421 -0.212743 0.29762 -0.170716 -0.196167 0.0128744 0.227366 -0.177419 0.265309 
-3.77668 1.30978 1.96445 -0.938468 -0.801439 -0.800758 -0.560159 0.513807 0.461383 0.599084 -0.0662124 0.522925 -1.03358 -0.403657 0.25362 -0.293996 -0.898024 0.586872 1.13946 0.631145 1.15546 -0.922657 -0.275695 -1.03773 -0.511305 0.04185 -0.0759602 -0.098063 0.290288 -0.0454701 0.124733 0.0794324 -0.150865 -0.0675262 -0.271348 -0.0861002 -0.225576 0.261747 -0.170823 0.275043 
-2.65485 0.717011 2.00149 -1.79325 -1.49108 -0.757769 -0.404354 0.793693 1.08753 1.19977 0.28873 0.62844 -1.02363 -0.202704 0.0824817 0.00102697 -0.320518 0.95432 0.892349 0.766256 0.381443 -1.15526 -0.165984 -0.991638 -0.00992434 -0.142763 0.174275 0.42281 0.624009 0.256905 -0.099738 0.0026265 -0.178394 0.0798814 -0.400447 -0.264423 -0.0805527 0.0807366 0.353903 -0.147849 
-3.66869 -1.335 1.736 -1.62968 -1.66272 -0.959423 -0.636978 1.59159 1.42339 1.56294 0.616603 0.914257 -0.366909 -0.138483 0.158681 -0.511102 -0.737803 0.790938 0.144177 1.05962 -0.171983 -0.44874 -0.40926 -0.813397 -0.270265 0.033875 0.991837 0.504588 0.0614248 -0.402693 -0.247149 -0.0276903 -0.307294 0.670105 -0.195546 0.390906 0.200099 0.500968 -0.020532 0.130718 
-3.42562 -0.694685 2.73448 -2.18419 -0.843802 -0.14346 0.163205 1.58272 0.509717 0.491498 -0.263057 0.120041 -0.337447 -0.282498 0.746902 -0.5634 0.214532 0.357706 0.217669 0.737857 0.194831 0.12677 -0.158931 -1.00165 -0.217884 0.50046 0.705183 0.324907 0.158127 -0.175645 -0.324188 -0.436151 -0.274921 0.301301 -0.137094 0.0249629 0.0830372 0.277229 -0.164842 -0.10731 
-3.40735 -1.20683 3.0495 -1.61457 0.134911 -0.647777 0.258204 0.706186 0.644803 0.583621 -0.295405 -0.128 -0.841951 -0.579353 1.13617 -1.10939 0.646687 -0.088526 1.74542 1.04463 0.0989836 0.167742 -0.40662 -0.30568 -0.127972 0.425479 0.0504015 0.302587 -0.18065 -0.189281 -0.149574 -0.680669 0.350146 0.0679805 0.0283991 0.295654 0.0293855 -0.246429 -0.301239 0.0514245 
-1.93043 -1.25485 1.41335 -1.40663 -1.85239 -0.914169 0.10779 0.448263 1.14082 0.708125 -0.574073 0.450413 -1.0103 -0.274738 1.36979 -1.52773 1.33823 0.308333 1.60238 0.72778 0.287763 0.0259867 0.372745 -0.421373 0.0361347 0.544033 0.230385 0.523891 0.0069696 -0.379666 0.4034 -0.172757 0.947518 0.33277 -0.0576251 -0.0278161 0.208964 -0.394323 0.166989 -0.194125 
-1.91945 -1.5047 0.600258 -1.7067 -1.44215 -0.219211 0.717342 0.571461 0.116072 1.05585 1.10898 0.803722 -1.97794 0.377618 2.50305 -1.47127 -0.440314 -0.0521823 1.42208 1.29583 0.409921 -1.02194 0.056694 -0.138579 0.0120431 0.152896 -0.0675207 0.780073 0.206874 -0.971759 0.338973 0.339232 0.063557 0.0803026 0.44973 -0.276018 0.00861425 -0.248771 0.626501 0.42977 
-2.43395 -1.45784 1.12789 -1.92436 -1.39462 0.478601 0.95701 0.291787 -1.64304 1.50966 2.86096 1.34396 -3.53856 -0.57126 3.35638 -0.899253 -1.53967 -0.389281 1.2366 1.53718 0.648798 -0.780971 0.475734 -0.127005 0.294441 0.729964 -0.206888 0.172989 0.23357 -0.239318 0.444796 0.0989456 -0.53408 -0.0068296 -0.198046 -0.0779426 0.170748 0.090266 -0.0024975 0.179095 
-0.860058 -1.44316 -0.339999 -2.0569 -0.869445 0.0117424 0.268526 0.219667 -0.47659 0.969841 2.52976 1.85747 -2.85837 -1.87609 2.35435 0.0856632 -1.25337 -0.175364 0.38646 1.75336 0.991994 -0.535955 -0.56077 -0.631297 0.437365 1.13835 0.0466737 -0.334674 0.27784 0.218117 0.0193615 -0.265587 -0.253644 0.312843 -0.451728 0.305902 0.201546 0.482513 -0.0704471 -0.480551 
0.00158824 -1.54922 -0.967841 -1.38041 -0.0419633 -0.048065 -0.433175 0.852468 1.50448 0.53456 0.84766 1.64943 -1.41517 -1.98169 1.88695 0.0184591 -1.28986 0.491095 0.368576 1.08248 0.486164 -0.150527 -0.888053 -0.406849 -0.280883 0.438644 -0.107291 0.00678413 -0.0564159 0.401905 0.31184 -0.461809 -0.496179 1.10079 -0.258342 -0.22495 -0.0323474 0.155481 -0.291572 -0.0344451 
0.385598 -1.554 -0.743724 -0.156186 0.192416 0.0409849 -0.699688 0.268491 0.598187 0.0267682 -0.554805 1.83914 -1.06525 -1.84219 1.78294 0.0659842 -0.862135 0.0728481 0.912792 1.42194 0.285736 0.157721 0.0894258 -0.0814982 -0.0605056 0.832565 0.228197 -0.117548 0.393924 0.210691 0.286751 -0.0528195 -0.604353 0.407264 0.174075 0.206163 -0.141237 0.580628 0.360475 -0.35741 
-0.805067 -1.49106 -0.867771 0.565117 1.2341 0.225015 0.0770294 0.211315 1.045 -0.0734133 -0.423438 0.748052 -1.27176 -1.85445 1.68153 0.521515 -0.510154 0.192267 1.14436 1.31513 -0.501075 0.124155 0.500629 0.270574 -0.485582 0.88557 0.19997 0.250919 -0.0843714 0.30158 0.122158 -0.251272 -0.550407 0.765953 0.426244 0.276498 -0.0413509 0.220704 0.0762577 -0.340945 
-1.4396 -1.55562 -0.616226 0.525709 0.860346 -0.489109 0.130252 0.728512 0.751009 0.428351 -0.496168 0.747163 -0.97658 -2.333 2.12241 0.332158 -0.441657 0.582116 -0.123127 1.627 -0.403757 -0.564904 0.494667 0.602156 -0.512462 0.696181 -0.126015 -0.136517 0.175651 -0.406311 0.323197 0.2131 -0.420948 0.903776 -0.260653 0.22489 0.0725645 0.200308 0.323681 -0.0619927 
0.444679 -1.69814 -1.25498 -0.044835 0.669085 -1.04621 0.102397 0.124196 1.38626 0.410155 -1.34212 1.54974 0.0998998 -3.21113 2.07318 0.335076 -1.49197 0.851583 -0.657324 2.20363 0.572459 -1.23141 -0.266701 0.425996 -0.6622 0.07516 0.195273 0.550976 0.254603 0.0672171 0.122101 -0.0229788 -0.207191 0.505588 0.165853 0.590381 -0.244408 -0.108948 0.0298425 0.0222074 
1.68175 -1.96589 -1.57304 0.722628 0.533956 -0.964634 -0.274472 0.407232 1.22069 0.298015 -0.831999 1.13923 0.166811 -1.85911 1.1705 1.12828 -1.14822 0.218333 -0.136645 0.865464 0.823628 -0.391755 -0.179396 0.19439 0.00751041 -0.0886966 -0.54118 0.0222426 0.349478 -0.0959447 -0.0361506 -0.193426 -0.151633 0.490806 0.173341 0.171725 0.107757 0.315257 0.371055 0.0907025 
5.16197 -0.190742 -2.50766 0.264633 0.152888 -1.79799 -0.699173 0.161612 1.47566 0.984892 -0.77853 -0.293207 -0.444227 -0.4678 0.474293 1.01164 -0.457869 0.126755 0.347414 0.0964128 0.73777 -0.118027 -0.164634 -0.262249 0.360823 0.348311 -0.653539 0.000897547 0.358723 0.280043 -0.240491 0.267021 -0.11 0.204461 0.502282 0.0195871 -0.338303 0.18805 0.318095 -0.191133 
4.68849 0.0333331 -2.33563 0.564211 1.4104 -0.846709 -0.409821 -0.182036 0.62869 0.95387 0.138552 -0.318176 -0.156609 -0.225373 1.10808 1.21527 -0.256818 -0.128154 0.0196246 -0.0879222 0.45933 0.214618 -0.0852072 -0.640018 0.367775 0.493788 0.0335369 -0.122036 -0.317583 0.00245445 0.177667 -0.299924 -0.670734 -0.238516 0.294824 -0.109254 0.00823174 0.288587 0.0341891 -0.380236 
4.19397 -0.0795642 -2.7122 0.326296 0.275063 0.514421 -0.401734 -0.48857 0.172003 -0.138014 -0.287294 0.0493971 -1.06893 -1.05867 0.661498 0.233945 -0.703856 -0.227209 -0.266156 0.0309151 0.749259 0.159856 -0.308197 -0.305354 -0.447214 0.301576 -0.0357285 -0.362978 -0.0522772 -0.0787257 0.0279497 -0.0568151 -0.238557 -0.188675 0.502379 -0.063389 0.295705 0.297133 -0.378411 -0.045823 
0.452475 -1.31018 -2.86577 0.0624836 1.08765 0.535933 0.977544 -0.69524 0.0170114 -0.564976 0.00688174 1.22897 0.161738 -0.437677 0.368335 0.380443 0.0131343 0.385009 -0.0616059 -0.416609 0.51045 0.25173 -0.594077 -0.116253 -0.140951 0.570826 0.3018 0.0225035 -0.100015 -0.162386 -0.179346 0.359847 -0.303355 0.0605834 0.360489 -0.195904 -0.0142911 0.135895 -0.293512 0.102402 
0.893117 0.00267133 -1.51456 1.03592 0.474556 0.381762 0.0345937 -1.25818 0.615306 0.403483 -0.429525 0.146914 -0.728486 -0.781443 0.259355 0.448319 -0.0517905 0.0744965 -0.127817 -0.30205 0.605512 0.273744 -0.313503 -0.120309 0.0633386 0.773354 0.390344 -0.0830041 -0.0886847 0.139239 0.245744 0.49844 -0.428194 -0.025881 0.142717 -0.18024 0.0708011 0.0988328 -0.32612 0.244501 
-0.0340286 -0.955462 -1.34048 0.551078 -0.0769806 0.184421 0.0806981 -0.503787 -0.205513 -0.348763 -0.599751 0.0904732 0.0999875 -0.0979676 0.41914 0.361759 -0.0565358 0.0106399 -0.0150234 0.662129 0.952387 0.403656 0.0626792 0.309456 0.198224 0.192456 -0.166161 -0.0403332 -0.0890752 -0.0390828 -0.149672 0.0774882 0.137098 0.145999 0.0853846 -0.232478 0.015368 0.227463 -0.084838 -0.189491 
-1.22452 -1.04463 -0.753473 1.53779 -0.0837896 -0.0128676 0.0447757 -0.238597 0.770289 0.281426 0.367316 1.03418 -0.206685 -0.30079 0.393446 -0.0317504 -0.735019 -0.860193 -0.190604 0.50479 0.38653 0.40767 0.0736288 0.220876 -0.177059 -0.0184565 -0.0223963 0.00130567 -0.00217069 0.224315 0.192239 0.147406 0.101809 -0.220795 0.173974 0.233771 0.0276544 0.170304 -0.12587 -0.0689699 
1.67417 -0.0595751 -1.2527 -0.901515 -0.739882 0.121056 1.49148 1.28911 0.0932259 -0.951301 -0.94502 0.578033 -0.161364 -0.0299074 -0.00120227 -0.0248503 -1.1207 0.070116 -0.0722919 0.211806 0.646094 -0.0371067 -0.36748 -0.0976101 0.0205576 0.668379 0.306098 -0.523485 0.0461849 -0.324971 -0.0762129 -0.00568398 -0.118737 0.122361 0.150512 0.406495 -0.132176 0.244983 0.20494 -0.00428787 
-2.14304 2.08901 -0.331253 -0.414524 -1.28167 -0.190867 1.60437 1.95082 -0.0997812 -2.09544 -1.65805 0.29788 0.760493 0.446209 1.1896 -0.548629 -0.935721 -0.491871 1.19773 0.550786 0.558159 0.424212 -0.502122 -0.960646 -0.348639 0.420355 0.280986 -0.137251 -0.485051 -0.209367 -0.396002 0.0308212 0.4807 0.0805831 -0.269128 0.04202 0.188505 0.00650213 -0.205138 -0.0712911 
