97 101 99 99 98 99 101 101 99 97 98 100 100 100 101 
99 98 99 100 100 100 100 99 99 99 100 100 99 99 99 
99 99 100 100 99 99 100 99 99 99 101 101 98 98 99 
100 100 100 100 98 99 100 101 100 100 100 98 99 100 100 
100 100 99 99 99 99 100 99 99 99 99 99 99 100 99 
99 99 99 99 99 101 101 98 98 99 100 100 100 100 98 
99 100 101 100 100 100 98 99 100 100 100 100 99 99 99 
99 100 99 99 99 99 99 99 100 99 99 99 99 99 99 
101 101 98 98 99 100 100 100 100 98 99 100 101 100 100 
100 98 99 100 100 100 100 99 99 99 99 100 99 99 99 
99 99 99 100 99 99 99 99 99 99 101 101 98 98 99 
100 100 100 100 98 99 100 101 100 100 100 98 99 100 100 
100 100 99 99 99 99 100 99 99 99 99 99 99 100 99 
99 99 99 99 99 101 101 98 98 99 100 100 100 100 98 
99 100 101 100 100 100 98 99 100 100 100 100 99 99 99 
99 100 99 99 99 99 99 99 100 99 99 99 99 99 99 
101 101 98 98 99 100 100 100 100 98 99 100 101 100 100 
100 98 99 100 100 100 100 99 99 99 99 100 99 99 99 
99 99 99 100 99 99 99 99 99 99 101 101 98 98 99 
100 100 100 100 98 99 100 101 100 100 100 98 99 100 100 
100 100 99 99 99 99 100 99 99 99 99 99 99 100 99 
99 99 99 99 99 101 101 98 98 99 100 100 100 100 98 
99 100 101 100 100 100 98 99 100 100 100 100 99 99 99 
99 100 99 99 99 99 99 99 100 99 99 99 99 99 99 
101 101 98 98 99 100 100 100 100 98 99 100 101 100 100 
100 98 99 100 100 100 100 99 99 99 99 100 99 99 99 
99 99 99 100 99 99 99 99 99 99 101 101 98 98 99 
100 100 100 100 98 99 100 101 100 100 100 98 99 100 100 
100 100 99 99 99 99 100 99 99 99 99 99 99 100 99 
99 99 99 99 99 101 101 98 98 99 100 100 100 100 98 
99 100 101 100 100 100 98 99 100 100 100 100 99 99 99 
99 100 99 99 99 99 99 99 100 99 99 99 99 99 99 
101 101 98 98 99 100 100 100 100 98 99 100 101 100 100 
100 98 99 100 100 100 100 99 99 99 99 100 99 99 99 
99 99 99 100 99 99 99 99 99 99 101 101 98 98 99 
100 100 100 100 98 99 100 101 100 100 100 98 99 100 100 
100 100 99 99 99 99 100 99 99 99 99 99 99 100 99 
99 99 99 99 99 101 101 98 98 99 100 100 100 100 98 
99 100 101 100 100 100 98 99 100 100 100 100 99 99 99 
99 100 99 99 99 99 99 99 100 99 99 99 99 99 99 
101 101 98 98 99 100 100 100 100 98 99 100 101 100 100 
100 98 99 100 100 100 100 99 99 99 99 100 99 99 99 
99 99 99 100 99 99 99 99 99 99 101 101 98 98 99 
100 100 100 100 98 99 100 101 100 100 100 98 99 100 100 
100 100 99 99 99 99 100 99 99 99 99 99 99 100 99 
99 99 99 99 99 101 101 98 98 99 100 100 100 100 98 
99 100 101 100 100 100 98 99 100 100 100 100 99 99 99 
99 100 99 99 99 99 99 99 100 99 99 99 99 99 99 
101 101 98 98 99 100 100 100 100 98 99 100 101 100 100 
100 98 99 100 100 100 100 99 99 99 99 100 99 99 99 
99 99 99 100 99 99 99 99 99 99 101 101 98 98 99 
100 100 100 100 98 99 100 101 100 100 100 98 99 100 100 
100 100 99 99 99 99 100 99 99 99 99 99 99 100 99 
99 99 99 99 99 101 101 98 98 99 100 100 100 100 98 
99 100 101 100 100 100 98 99 100 100 100 100 99 99 99 
99 100 99 99 99 99 99 99 100 99 99 99 99 99 99 
101 101 98 98 99 100 100 100 100 98 99 100 101 100 100 
100 98 99 100 100 100 100 99 99 99 99 100 99 99 99 
99 99 99 100 99 99 99 99 99 99 101 101 98 98 99 
100 100 100 100 98 99 100 101 100 100 100 98 99 100 100 
100 100 99 99 99 99 100 99 99 99 99 99 99 100 99 
99 99 99 99 99 101 101 98 98 99 100 100 100 100 98 
99 100 101 100 100 100 98 99 100 100 100 100 99 99 99 
99 100 99 99 99 99 99 99 100 99 99 99 99 99 99 
101 101 98 98 99 100 100 100 100 98 99 100 101 100 100 
100 98 99 100 100 100 100 99 99 99 99 100 99 99 99 
99 99 99 100 99 99 99 99 99 99 101 101 98 98 99 
100 100 100 100 98 99 100 101 100 100 100 98 99 100 100 
100 100 99 99 99 99 100 99 99 99 99 99 99 100 99 
99 99 99 99 99 101 101 98 98 99 100 100 100 100 98 
99 100 101 100 100 100 98 99 100 100 100 100 99 99 99 
99 100 99 99 99 99 99 99 100 99 99 99 99 99 99 
101 101 98 98 99 100 100 100 100 98 99 100 101 100 100 
100 98 99 100 100 100 100 99 99 99 99 100 99 99 99 
99 99 99 100 99 99 99 99 99 99 98 101 99 99 99 
98 101 101 100 99 98 100 100 100 101 100 98 98 100 100 
99 100 100 99 99 99 99 99 99 100 99 99 99 100 99 
99 100 99 99 99 98 101 100 98 98 98 100 101 100 99 
98 99 99 99 100 100 100 99 99 99 100 100 99 99 99 
100 100 99 99 99 99 100 99 100 99 100 99 99 99 99 


101 101 98 98 99 100 100 100 100 98 99 100 101 100 100 
100 98 99 100 100 100 100 99 99 99 99 100 99 99 99 
99 99 99 100 99 99 99 99 99 99 101 101 98 98 99 
100 100 100 100 98 99 100 101 100 100 100 98 99 100 100 
100 100 99 99 99 99 100 99 99 99 99 99 99 100 99 
99 99 99 99 99 101 101 98 98 99 100 100 100 100 98 
99 100 101 100 100 100 98 99 100 100 100 100 99 99 99 
99 100 99 99 99 99 99 99 100 99 99 99 99 99 99 
101 101 98 98 99 100 100 100 100 98 99 100 101 100 100 
100 98 99 100 100 100 100 99 99 99 99 100 99 99 99 
99 99 99 100 99 99 99 99 99 99 101 101 98 98 99 
100 100 100 100 98 99 100 101 100 100 100 98 99 100 100 
100 100 99 99 99 99 100 99 99 99 99 99 99 100 99 
99 99 99 99 99 101 101 98 98 99 100 100 100 100 98 
99 100 101 100 100 100 98 99 100 100 100 100 99 99 99 
99 100 99 99 99 99 99 99 100 99 99 99 99 99 99 
101 101 98 98 99 100 100 100 100 98 99 100 101 100 100 
100 98 99 100 100 100 100 99 99 99 99 100 99 99 99 
99 99 99 100 99 99 99 99 99 99 101 101 98 98 99 
100 100 100 100 98 99 100 101 100 100 100 98 99 100 100 
100 100 99 99 99 99 100 99 99 99 99 99 99 100 99 
99 99 99 99 99 101 101 98 98 99 100 100 100 100 98 
99 100 101 100 100 100 98 99 100 100 100 100 99 99 99 
99 100 99 99 99 99 99 99 100 99 99 99 99 99 99 
101 101 98 98 99 100 100 100 100 98 99 100 101 100 100 
100 98 99 100 100 100 100 99 99 99 99 100 99 99 99 
99 99 99 100 99 99 99 99 99 99 101 101 98 98 99 
100 100 100 100 98 99 100 101 100 100 100 98 99 100 100 
100 100 99 99 99 99 100 99 99 99 99 99 99 100 99 
99 99 99 99 99 101 101 98 98 99 100 100 100 100 98 
99 100 101 100 100 100 98 99 100 100 100 100 99 99 99 
99 100 99 99 99 99 99 99 100 99 99 99 99 99 99 
101 101 98 98 99 100 100 100 100 98 99 100 101 100 100 
100 98 99 100 100 100 100 99 99 99 99 100 99 99 99 
99 99 99 100 99 99 99 99 99 99 101 101 98 98 99 
100 100 100 100 98 99 100 101 100 100 100 98 99 100 100 
100 100 99 99 99 99 100 99 99 99 99 99 99 100 99 
99 99 99 99 99 101 101 98 98 99 100 100 100 100 98 
99 100 101 100 100 100 98 99 100 100 100 100 99 99 99 
99 100 99 99 99 99 99 99 100 99 99 99 99 99 99 
101 101 98 98 99 100 100 100 100 98 99 100 101 100 100 
100 98 99 100 100 100 100 99 99 99 99 100 99 99 99 
99 99 99 100 99 99 99 99 99 99 101 101 98 98 99 
100 100 100 100 98 99 100 101 100 100 100 98 99 100 100 
100 100 99 99 99 99 100 99 99 99 99 99 99 100 99 
99 99 99 99 99 101 101 98 98 99 100 100 100 100 98 
99 100 101 100 100 100 98 99 100 100 100 100 99 99 99 
99 100 99 99 99 99 99 99 100 99 99 99 99 99 99 
101 101 98 98 99 100 100 100 100 98 99 100 101 100 100 
100 98 99 100 100 100 100 99 99 99 99 100 99 99 99 
99 99 99 100 99 99 99 99 99 99 101 101 98 98 99 
100 100 100 100 98 99 100 101 100 100 100 98 99 100 100 
100 100 99 99 99 99 100 99 99 99 99 99 99 100 99 
99 99 99 99 99 101 101 98 98 99 100 100 100 100 98 
99 100 101 100 100 100 98 99 100 100 100 100 99 99 99 
99 100 99 99 99 99 99 99 100 99 99 99 99 99 99 
101 101 98 98 99 100 100 100 100 98 99 100 101 100 100 
100 98 99 100 100 100 100 99 99 99 99 100 99 99 99 
99 99 99 100 99 99 99 99 99 99 101 101 98 98 99 
100 100 100 100 98 99 100 101 100 100 100 98 99 100 100 
100 100 99 99 99 99 100 99 99 99 99 99 99 100 99 
99 99 99 99 99 101 101 98 98 99 100 100 100 100 98 
99 100 101 100 100 100 98 99 100 100 100 100 99 99 99 
99 100 99 99 99 99 99 99 100 99 99 99 99 99 99 
101 101 98 98 99 100 100 100 100 98 99 100 101 100 100 
100 98 99 100 100 100 100 99 99 99 99 100 99 99 99 
99 99 99 100 99 99 99 99 99 99 101 101 98 98 99 
100 100 100 100 98 99 100 101 100 100 100 98 99 100 100 
100 100 99 99 99 99 100 99 99 99 99 99 99 100 99 
99 99 99 99 99 98 101 99 99 99 98 101 101 100 99 
98 100 100 100 101 100 98 98 100 100 99 100 100 99 99 
99 99 99 99 100 99 99 99 100 99 99 100 99 99 99 
98 101 100 98 98 98 100 101 100 99 98 99 99 99 100 
100 100 99 99 99 100 100 99 99 99 100 100 99 99 99 
99 100 99 100 99 100 99 99 99 99 99 100 100 98 98 
98 99 101 100 100 99 99 100 99 100 99 100 99 100 100 
99 100 99 99 99 100 99 100 100 99 99 99 100 99 99 
99 99 99 99 99 99 99 101 98 98 99 99 101 99 100 
99 99 99 100 100 99 100 98 101 99 100 99 100 99 99 
100 99 99 99 99 99 100 99 100 99 100 99 99 99 100 


101 101 98 98 99 100 100 100 100 98 99 100 101 100 100 
100 98 99 100 100 100 100 99 99 99 99 100 99 99 99 
99 99 99 100 99 99 99 99 99 99 101 101 98 98 99 
100 100 100 100 98 99 100 101 100 100 100 98 99 100 100 
100 100 99 99 99 99 100 99 99 99 99 99 99 100 99 
99 99 99 99 99 101 101 98 98 99 100 100 100 100 98 
99 100 101 100 100 100 98 99 100 100 100 100 99 99 99 
99 100 99 99 99 99 99 99 100 99 99 99 99 99 99 
101 101 98 98 99 100 100 100 100 98 99 100 101 100 100 
100 98 99 100 100 100 100 99 99 99 99 100 99 99 99 
99 99 99 100 99 99 99 99 99 99 101 101 98 98 99 
100 100 100 100 98 99 100 101 100 100 100 98 99 100 100 
100 100 99 99 99 99 100 99 99 99 99 99 99 100 99 
99 99 99 99 99 101 101 98 98 99 100 100 100 100 98 
99 100 101 100 100 100 98 99 100 100 100 100 99 99 99 
99 100 99 99 99 99 99 99 100 99 99 99 99 99 99 
101 101 98 98 99 100 100 100 100 98 99 100 101 100 100 
100 98 99 100 100 100 100 99 99 99 99 100 99 99 99 
99 99 99 100 99 99 99 99 99 99 101 101 98 98 99 
100 100 100 100 98 99 100 101 100 100 100 98 99 100 100 
100 100 99 99 99 99 100 99 99 99 99 99 99 100 99 
99 99 99 99 99 101 101 98 98 99 100 100 100 100 98 
99 100 101 100 100 100 98 99 100 100 100 100 99 99 99 
99 100 99 99 99 99 99 99 100 99 99 99 99 99 99 
101 101 98 98 99 100 100 100 100 98 99 100 101 100 100 
100 98 99 100 100 100 100 99 99 99 99 100 99 99 99 
99 99 99 100 99 99 99 99 99 99 101 101 98 98 99 
100 100 100 100 98 99 100 101 100 100 100 98 99 100 100 
100 100 99 99 99 99 100 99 99 99 99 99 99 100 99 
99 99 99 99 99 101 101 98 98 99 100 100 100 100 98 
99 100 101 100 100 100 98 99 100 100 100 100 99 99 99 
99 100 99 99 99 99 99 99 100 99 99 99 99 99 99 
101 101 98 98 99 100 100 100 100 98 99 100 101 100 100 
100 98 99 100 100 100 100 99 99 99 99 100 99 99 99 
99 99 99 100 99 99 99 99 99 99 101 101 98 98 99 
100 100 100 100 98 99 100 101 100 100 100 98 99 100 100 
100 100 99 99 99 99 100 99 99 99 99 99 99 100 99 
99 99 99 99 99 101 101 98 98 99 100 100 100 100 98 
99 100 101 100 100 100 98 99 100 100 100 100 99 99 99 
99 100 99 99 99 99 99 99 100 99 99 99 99 99 99 
101 101 98 98 99 100 100 100 100 98 99 100 101 100 100 
100 98 99 100 100 100 100 99 99 99 99 100 99 99 99 
99 99 99 100 99 99 99 99 99 99 101 101 98 98 99 
100 100 100 100 98 99 100 101 100 100 100 98 99 100 100 
100 100 99 99 99 99 100 99 99 99 99 99 99 100 99 
99 99 99 99 99 101 101 98 98 99 100 100 100 100 98 
99 100 101 100 100 100 98 99 100 100 100 100 99 99 99 
99 100 99 99 99 99 99 99 100 99 99 99 99 99 99 
101 101 98 98 99 100 100 100 100 98 99 100 101 100 100 
100 98 99 100 100 100 100 99 99 99 99 100 99 99 99 
99 99 99 100 99 99 99 99 99 99 101 101 98 98 99 
100 100 100 100 98 99 100 101 100 100 100 98 99 100 100 
100 100 99 99 99 99 100 99 99 99 99 99 99 100 99 
99 99 99 99 99 101 101 98 98 99 100 100 100 100 98 
99 100 101 100 100 100 98 99 100 100 100 100 99 99 99 
99 100 99 99 99 99 99 99 100 99 99 99 99 99 99 
101 101 98 98 99 100 100 100 100 98 99 100 101 100 100 
100 98 99 100 100 100 100 99 99 99 99 100 99 99 99 
99 99 99 100 99 99 99 99 99 99 101 101 98 98 99 
100 100 100 100 98 99 100 101 100 100 100 98 99 100 100 
100 100 99 99 99 99 100 99 99 99 99 99 99 100 99 
99 99 99 99 99 101 101 98 98 99 100 100 100 100 98 
99 100 101 100 100 100 98 99 100 100 100 100 99 99 99 
99 100 99 99 99 99 99 99 100 99 99 99 99 99 99 
98 101 99 99 99 98 101 101 100 99 98 100 100 100 101 
100 98 98 100 100 99 100 100 99 99 99 99 99 99 100 
99 99 99 100 99 99 100 99 99 99 98 101 100 98 98 
98 100 101 100 99 98 99 99 99 100 100 100 99 99 99 
100 100 99 99 99 100 100 99 99 99 99 100 99 100 99 
100 99 99 99 99 99 100 100 98 98 98 99 101 100 100 
99 99 100 99 100 99 100 99 100 100 99 100 99 99 99 
100 99 100 100 99 99 99 100 99 99 99 99 99 99 99 
99 99 101 98 98 99 99 101 99 100 99 99 99 100 100 
99 100 98 101 99 100 99 100 99 99 100 99 99 99 99 
99 100 99 100 99 100 99 99 99 100 97 99 101 98 99 
100 100 100 99 99 99 100 100 100 100 99 100 98 100 98 
100 99 100 99 99 100 99 99 99 99 99 100 99 100 99 
99 99 100 100 100 97 99 101 98 99 99 99 101 99 100 
99 99 99 100 100 100 99 98 100 99 101 99 100 98 100 
99 100 99 99 99 100 100 99 100 99 99 99 99 99 99 


101 101 98 98 99 100 100 100 100 98 99 100 101 100 100 
100 98 99 100 100 100 100 99 99 99 99 100 99 99 99 
99 99 99 100 99 99 99 99 99 99 101 101 98 98 99 
100 100 100 100 98 99 100 101 100 100 100 98 99 100 100 
100 100 99 99 99 99 100 99 99 99 99 99 99 100 99 
99 99 99 99 99 101 101 98 98 99 100 100 100 100 98 
99 100 101 100 100 100 98 99 100 100 100 100 99 99 99 
99 100 99 99 99 99 99 99 100 99 99 99 99 99 99 
101 101 98 98 99 100 100 100 100 98 99 100 101 100 100 
100 98 99 100 100 100 100 99 99 99 99 100 99 99 99 
99 99 99 100 99 99 99 99 99 99 101 101 98 98 99 
100 100 100 100 98 99 100 101 100 100 100 98 99 100 100 
100 100 99 99 99 99 100 99 99 99 99 99 99 100 99 
99 99 99 99 99 101 101 98 98 99 100 100 100 100 98 
99 100 101 100 100 100 98 99 100 100 100 100 99 99 99 
99 100 99 99 99 99 99 99 100 99 99 99 99 99 99 
101 101 98 98 99 100 100 100 100 98 99 100 101 100 100 
100 98 99 100 100 100 100 99 99 99 99 100 99 99 99 
99 99 99 100 99 99 99 99 99 99 101 101 98 98 99 
100 100 100 100 98 99 100 101 100 100 100 98 99 100 100 
100 100 99 99 99 99 100 99 99 99 99 99 99 100 99 
99 99 99 99 99 101 101 98 98 99 100 100 100 100 98 
99 100 101 100 100 100 98 99 100 100 100 100 99 99 99 
99 100 99 99 99 99 99 99 100 99 99 99 99 99 99 
101 101 98 98 99 100 100 100 100 98 99 100 101 100 100 
100 98 99 100 100 100 100 99 99 99 99 100 99 99 99 
99 99 99 100 99 99 99 99 99 99 101 101 98 98 99 
100 100 100 100 98 99 100 101 100 100 100 98 99 100 100 
100 100 99 99 99 99 100 99 99 99 99 99 99 100 99 
99 99 99 99 99 101 101 98 98 99 100 100 100 100 98 
99 100 101 100 100 100 98 99 100 100 100 100 99 99 99 
99 100 99 99 99 99 99 99 100 99 99 99 99 99 99 
101 101 98 98 99 100 100 100 100 98 99 100 101 100 100 
100 98 99 100 100 100 100 99 99 99 99 100 99 99 99 
99 99 99 100 99 99 99 99 99 99 101 101 98 98 99 
100 100 100 100 98 99 100 101 100 100 100 98 99 100 100 
100 100 99 99 99 99 100 99 99 99 99 99 99 100 99 
99 99 99 99 99 101 101 98 98 99 100 100 100 100 98 
99 100 101 100 100 100 98 99 100 100 100 100 99 99 99 
99 100 99 99 99 99 99 99 100 99 99 99 99 99 99 
101 101 98 98 99 100 100 100 100 98 99 100 101 100 100 
100 98 99 100 100 100 100 99 99 99 99 100 99 99 99 
99 99 99 100 99 99 99 99 99 99 101 101 98 98 99 
100 100 100 100 98 99 100 101 100 100 100 98 99 100 100 
100 100 99 99 99 99 100 99 99 99 99 99 99 100 99 
99 99 99 99 99 101 101 98 98 99 100 100 100 100 98 
99 100 101 100 100 100 98 99 100 100 100 100 99 99 99 
99 100 99 99 99 99 99 99 100 99 99 99 99 99 99 
101 101 98 98 99 100 100 100 100 98 99 100 101 100 100 
100 98 99 100 100 100 100 99 99 99 99 100 99 99 99 
99 99 99 100 99 99 99 99 99 99 101 101 98 98 99 
100 100 100 100 98 99 100 101 100 100 100 98 99 100 100 
100 100 99 99 99 99 100 99 99 99 99 99 99 100 99 
99 99 99 99 99 101 101 98 98 99 100 100 100 100 98 
99 100 101 100 100 100 98 99 100 100 100 100 99 99 99 
99 100 99 99 99 99 99 99 100 99 99 99 99 99 99 
101 101 98 98 99 100 100 100 100 98 99 100 101 100 100 
100 98 99 100 100 100 100 99 99 99 99 100 99 99 99 
99 99 99 100 99 99 99 99 99 99 98 101 99 99 99 
98 101 101 100 99 98 100 100 100 101 100 98 98 100 100 
99 100 100 99 99 99 99 99 99 100 99 99 99 100 99 
99 100 99 99 99 98 101 100 98 98 98 100 101 100 99 
98 99 99 99 100 100 100 99 99 99 100 100 99 99 99 
100 100 99 99 99 99 100 99 100 99 100 99 99 99 99 
99 100 100 98 98 98 99 101 100 100 99 99 100 99 100 
99 100 99 100 100 99 100 99 99 99 100 99 100 100 99 
99 99 100 99 99 99 99 99 99 99 99 99 101 98 98 
99 99 101 99 100 99 99 99 100 100 99 100 98 101 99 
100 99 100 99 99 100 99 99 99 99 99 100 99 100 99 
100 99 99 99 100 97 99 101 98 99 100 100 100 99 99 
99 100 100 100 100 99 100 98 100 98 100 99 100 99 99 
100 99 99 99 99 99 100 99 100 99 99 99 100 100 100 
97 99 101 98 99 99 99 101 99 100 99 99 99 100 100 
100 99 98 100 99 101 99 100 98 100 99 100 99 99 99 
100 100 99 100 99 99 99 99 99 99 96 100 101 98 99 
99 99 99 100 100 99 100 99 99 100 99 99 100 100 100 
100 99 100 99 100 99 100 100 100 99 100 99 99 100 99 
99 99 100 99 100 96 101 101 99 99 99 99 100 100 100 
99 100 98 99 100 99 99 100 100 100 100 99 99 98 99 
99 99 99 100 99 99 99 99 99 99 99 99 100 99 100 


101 101 98 98 99 100 100 100 100 98 99 100 101 100 100 
100 98 99 100 100 100 100 99 99 99 99 100 99 99 99 
99 99 99 100 99 99 99 99 99 99 101 101 98 98 99 
100 100 100 100 98 99 100 101 100 100 100 98 99 100 100 
100 100 99 99 99 99 100 99 99 99 99 99 99 100 99 
99 99 99 99 99 101 101 98 98 99 100 100 100 100 98 
99 100 101 100 100 100 98 99 100 100 100 100 99 99 99 
99 100 99 99 99 99 99 99 100 99 99 99 99 99 99 
101 101 98 98 99 100 100 100 100 98 99 100 101 100 100 
100 98 99 100 100 100 100 99 99 99 99 100 99 99 99 
99 99 99 100 99 99 99 99 99 99 101 101 98 98 99 
100 100 100 100 98 99 100 101 100 100 100 98 99 100 100 
100 100 99 99 99 99 100 99 99 99 99 99 99 100 99 
99 99 99 99 99 101 101 98 98 99 100 100 100 100 98 
99 100 101 100 100 100 98 99 100 100 100 100 99 99 99 
99 100 99 99 99 99 99 99 100 99 99 99 99 99 99 
101 101 98 98 99 100 100 100 100 98 99 100 101 100 100 
100 98 99 100 100 100 100 99 99 99 99 100 99 99 99 
99 99 99 100 99 99 99 99 99 99 101 101 98 98 99 
100 100 100 100 98 99 100 101 100 100 100 98 99 100 100 
100 100 99 99 99 99 100 99 99 99 99 99 99 100 99 
99 99 99 99 99 101 101 98 98 99 100 100 100 100 98 
99 100 101 100 100 100 98 99 100 100 100 100 99 99 99 
99 100 99 99 99 99 99 99 100 99 99 99 99 99 99 
101 101 98 98 99 100 100 100 100 98 99 100 101 100 100 
100 98 99 100 100 100 100 99 99 99 99 100 99 99 99 
99 99 99 100 99 99 99 99 99 99 101 101 98 98 99 
100 100 100 100 98 99 100 101 100 100 100 98 99 100 100 
100 100 99 99 99 99 100 99 99 99 99 99 99 100 99 
99 99 99 99 99 101 101 98 98 99 100 100 100 100 98 
99 100 101 100 100 100 98 99 100 100 100 100 99 99 99 
99 100 99 99 99 99 99 99 100 99 99 99 99 99 99 
101 101 98 98 99 100 100 100 100 98 99 100 101 100 100 
100 98 99 100 100 100 100 99 99 99 99 100 99 99 99 
99 99 99 100 99 99 99 99 99 99 101 101 98 98 99 
100 100 100 100 98 99 100 101 100 100 100 98 99 100 100 
100 100 99 99 99 99 100 99 99 99 99 99 99 100 99 
99 99 99 99 99 101 101 98 98 99 100 100 100 100 98 
99 100 101 100 100 100 98 99 100 100 100 100 99 99 99 
99 100 99 99 99 99 99 99 100 99 99 99 99 99 99 
101 101 98 98 99 100 100 100 100 98 99 100 101 100 100 
100 98 99 100 100 100 100 99 99 99 99 100 99 99 99 
99 99 99 100 99 99 99 99 99 99 101 101 98 98 99 
100 100 100 100 98 99 100 101 100 100 100 98 99 100 100 
100 100 99 99 99 99 100 99 99 99 99 99 99 100 99 
99 99 99 99 99 101 101 98 98 99 100 100 100 100 98 
99 100 101 100 100 100 98 99 100 100 100 100 99 99 99 
99 100 99 99 99 99 99 99 100 99 99 99 99 99 99 
101 101 98 98 99 100 100 100 100 98 99 100 101 100 100 
100 98 99 100 100 100 100 99 99 99 99 100 99 99 99 
99 99 99 100 99 99 99 99 99 99 101 101 98 98 99 
100 100 100 100 98 99 100 101 100 100 100 98 99 100 100 
100 100 99 99 99 99 100 99 99 99 99 99 99 100 99 
99 99 99 99 99 98 101 99 99 99 98 101 101 100 99 
98 100 100 100 101 100 98 98 100 100 99 100 100 99 99 
99 99 99 99 100 99 99 99 100 99 99 100 99 99 99 
98 101 100 98 98 98 100 101 100 99 98 99 99 99 100 
100 100 99 99 99 100 100 99 99 99 100 100 99 99 99 
99 100 99 100 99 100 99 99 99 99 99 100 100 98 98 
98 99 101 100 100 99 99 100 99 100 99 100 99 100 100 
99 100 99 99 99 100 99 100 100 99 99 99 100 99 99 
99 99 99 99 99 99 99 101 98 98 99 99 101 99 100 
99 99 99 100 100 99 100 98 101 99 100 99 100 99 99 
100 99 99 99 99 99 100 99 100 99 100 99 99 99 100 
97 99 101 98 99 100 100 100 99 99 99 100 100 100 100 
99 100 98 100 98 100 99 100 99 99 100 99 99 99 99 
99 100 99 100 99 99 99 100 100 100 97 99 101 98 99 
99 99 101 99 100 99 99 99 100 100 100 99 98 100 99 
101 99 100 98 100 99 100 99 99 99 100 100 99 100 99 
99 99 99 99 99 96 100 101 98 99 99 99 99 100 100 
99 100 99 99 100 99 99 100 100 100 100 99 100 99 100 
99 100 100 100 99 100 99 99 100 99 99 99 100 99 100 
96 101 101 99 99 99 99 100 100 100 99 100 98 99 100 
99 99 100 100 100 100 99 99 98 99 99 99 99 100 99 
99 99 99 99 99 99 99 100 99 100 97 100 101 98 98 
99 99 100 100 100 100 100 98 99 99 99 99 100 100 100 
100 98 99 98 99 99 100 100 100 100 99 99 99 99 99 
99 99 99 100 99 96 98 101 98 98 98 99 101 101 101 
100 100 99 99 100 99 99 100 100 100 99 99 99 99 99 
99 100 100 99 99 99 99 99 100 99 100 100 100 99 100 


101 101 98 98 99 100 100 100 100 98 99 100 101 100 100 
100 98 99 100 100 100 100 99 99 99 99 100 99 99 99 
99 99 99 100 99 99 99 99 99 99 101 101 98 98 99 
100 100 100 100 98 99 100 101 100 100 100 98 99 100 100 
100 100 99 99 99 99 100 99 99 99 99 99 99 100 99 
99 99 99 99 99 101 101 98 98 99 100 100 100 100 98 
99 100 101 100 100 100 98 99 100 100 100 100 99 99 99 
99 100 99 99 99 99 99 99 100 99 99 99 99 99 99 
101 101 98 98 99 100 100 100 100 98 99 100 101 100 100 
100 98 99 100 100 100 100 99 99 99 99 100 99 99 99 
99 99 99 100 99 99 99 99 99 99 101 101 98 98 99 
100 100 100 100 98 99 100 101 100 100 100 98 99 100 100 
100 100 99 99 99 99 100 99 99 99 99 99 99 100 99 
99 99 99 99 99 101 101 98 98 99 100 100 100 100 98 
99 100 101 100 100 100 98 99 100 100 100 100 99 99 99 
99 100 99 99 99 99 99 99 100 99 99 99 99 99 99 
101 101 98 98 99 100 100 100 100 98 99 100 101 100 100 
100 98 99 100 100 100 100 99 99 99 99 100 99 99 99 
99 99 99 100 99 99 99 99 99 99 101 101 98 98 99 
100 100 100 100 98 99 100 101 100 100 100 98 99 100 100 
100 100 99 99 99 99 100 99 99 99 99 99 99 100 99 
99 99 99 99 99 101 101 98 98 99 100 100 100 100 98 
99 100 101 100 100 100 98 99 100 100 100 100 99 99 99 
99 100 99 99 99 99 99 99 100 99 99 99 99 99 99 
101 101 98 98 99 100 100 100 100 98 99 100 101 100 100 
100 98 99 100 100 100 100 99 99 99 99 100 99 99 99 
99 99 99 100 99 99 99 99 99 99 101 101 98 98 99 
100 100 100 100 98 99 100 101 100 100 100 98 99 100 100 
100 100 99 99 99 99 100 99 99 99 99 99 99 100 99 
99 99 99 99 99 101 101 98 98 99 100 100 100 100 98 
99 100 101 100 100 100 98 99 100 100 100 100 99 99 99 
99 100 99 99 99 99 99 99 100 99 99 99 99 99 99 
101 101 98 98 99 100 100 100 100 98 99 100 101 100 100 
100 98 99 100 100 100 100 99 99 99 99 100 99 99 99 
99 99 99 100 99 99 99 99 99 99 101 101 98 98 99 
100 100 100 100 98 99 100 101 100 100 100 98 99 100 100 
100 100 99 99 99 99 100 99 99 99 99 99 99 100 99 
99 99 99 99 99 101 101 98 98 99 100 100 100 100 98 
99 100 101 100 100 100 98 99 100 100 100 100 99 99 99 
99 100 99 99 99 99 99 99 100 99 99 99 99 99 99 
101 101 98 98 99 100 100 100 100 98 99 100 101 100 100 
100 98 99 100 100 100 100 99 99 99 99 100 99 99 99 
99 99 99 100 99 99 99 99 99 99 101 101 98 98 99 
100 100 100 100 98 99 100 101 100 100 100 98 99 100 100 
100 100 99 99 99 99 100 99 99 99 99 99 99 100 99 
99 99 99 99 99 101 101 98 98 99 100 100 100 100 98 
99 100 101 100 100 100 98 99 100 100 100 100 99 99 99 
99 100 99 99 99 99 99 99 100 99 99 99 99 99 99 
98 101 99 99 99 98 101 101 100 99 98 100 100 100 101 
100 98 98 100 100 99 100 100 99 99 99 99 99 99 100 
99 99 99 100 99 99 100 99 99 99 98 101 100 98 98 
98 100 101 100 99 98 99 99 99 100 100 100 99 99 99 
100 100 99 99 99 100 100 99 99 99 99 100 99 100 99 
100 99 99 99 99 99 100 100 98 98 98 99 101 100 100 
99 99 100 99 100 99 100 99 100 100 99 100 99 99 99 
100 99 100 100 99 99 99 100 99 99 99 99 99 99 99 
99 99 101 98 98 99 99 101 99 100 99 99 99 100 100 
99 100 98 101 99 100 99 100 99 99 100 99 99 99 99 
99 100 99 100 99 100 99 99 99 100 97 99 101 98 99 
100 100 100 99 99 99 100 100 100 100 99 100 98 100 98 
100 99 100 99 99 100 99 99 99 99 99 100 99 100 99 
99 99 100 100 100 97 99 101 98 99 99 99 101 99 100 
99 99 99 100 100 100 99 98 100 99 101 99 100 98 100 
99 100 99 99 99 100 100 99 100 99 99 99 99 99 99 
96 100 101 98 99 99 99 99 100 100 99 100 99 99 100 
99 99 100 100 100 100 99 100 99 100 99 100 100 100 99 
100 99 99 100 99 99 99 100 99 100 96 101 101 99 99 
99 99 100 100 100 99 100 98 99 100 99 99 100 100 100 
100 99 99 98 99 99 99 99 100 99 99 99 99 99 99 
99 99 100 99 100 97 100 101 98 98 99 99 100 100 100 
100 100 98 99 99 99 99 100 100 100 100 98 99 98 99 
99 100 100 100 100 99 99 99 99 99 99 99 99 100 99 
96 98 101 98 98 98 99 101 101 101 100 100 99 99 100 
99 99 100 100 100 99 99 99 99 99 99 100 100 99 99 
99 99 99 100 99 100 100 100 99 100 96 99 102 97 99 
99 100 101 100 100 99 99 99 99 100 99 100 100 100 100 
100 99 99 98 99 100 100 100 100 99 99 99 99 100 99 
99 99 100 99 99 96 98 102 98 100 99 100 100 100 100 
99 99 99 99 100 98 100 99 101 100 99 100 99 99 99 
100 99 100 99 99 99 99 100 99 99 100 99 99 99 99 


101 101 98 98 99 100 100 100 100 98 99 100 101 100 100 
100 98 99 100 100 100 100 99 99 99 99 100 99 99 99 
99 99 99 100 99 99 99 99 99 99 101 101 98 98 99 
100 100 100 100 98 99 100 101 100 100 100 98 99 100 100 
100 100 99 99 99 99 100 99 99 99 99 99 99 100 99 
99 99 99 99 99 101 101 98 98 99 100 100 100 100 98 
99 100 101 100 100 100 98 99 100 100 100 100 99 99 99 
99 100 99 99 99 99 99 99 100 99 99 99 99 99 99 
101 101 98 98 99 100 100 100 100 98 99 100 101 100 100 
100 98 99 100 100 100 100 99 99 99 99 100 99 99 99 
99 99 99 100 99 99 99 99 99 99 101 101 98 98 99 
100 100 100 100 98 99 100 101 100 100 100 98 99 100 100 
100 100 99 99 99 99 100 99 99 99 99 99 99 100 99 
99 99 99 99 99 101 101 98 98 99 100 100 100 100 98 
99 100 101 100 100 100 98 99 100 100 100 100 99 99 99 
99 100 99 99 99 99 99 99 100 99 99 99 99 99 99 
101 101 98 98 99 100 100 100 100 98 99 100 101 100 100 
100 98 99 100 100 100 100 99 99 99 99 100 99 99 99 
99 99 99 100 99 99 99 99 99 99 101 101 98 98 99 
100 100 100 100 98 99 100 101 100 100 100 98 99 100 100 
100 100 99 99 99 99 100 99 99 99 99 99 99 100 99 
99 99 99 99 99 101 101 98 98 99 100 100 100 100 98 
99 100 101 100 100 100 98 99 100 100 100 100 99 99 99 
99 100 99 99 99 99 99 99 100 99 99 99 99 99 99 
101 101 98 98 99 100 100 100 100 98 99 100 101 100 100 
100 98 99 100 100 100 100 99 99 99 99 100 99 99 99 
99 99 99 100 99 99 99 99 99 99 101 101 98 98 99 
100 100 100 100 98 99 100 101 100 100 100 98 99 100 100 
100 100 99 99 99 99 100 99 99 99 99 99 99 100 99 
99 99 99 99 99 101 101 98 98 99 100 100 100 100 98 
99 100 101 100 100 100 98 99 100 100 100 100 99 99 99 
99 100 99 99 99 99 99 99 100 99 99 99 99 99 99 
101 101 98 98 99 100 100 100 100 98 99 100 101 100 100 
100 98 99 100 100 100 100 99 99 99 99 100 99 99 99 
99 99 99 100 99 99 99 99 99 99 101 101 98 98 99 
100 100 100 100 98 99 100 101 100 100 100 98 99 100 100 
100 100 99 99 99 99 100 99 99 99 99 99 99 100 99 
99 99 99 99 99 101 101 98 98 99 100 100 100 100 98 
99 100 101 100 100 100 98 99 100 100 100 100 99 99 99 
99 100 99 99 99 99 99 99 100 99 99 99 99 99 99 
101 101 98 98 99 100 100 100 100 98 99 100 101 100 100 
100 98 99 100 100 100 100 99 99 99 99 100 99 99 99 
99 99 99 100 99 99 99 99 99 99 98 101 99 99 99 
98 101 101 100 99 98 100 100 100 101 100 98 98 100 100 
99 100 100 99 99 99 99 99 99 100 99 99 99 100 99 
99 100 99 99 99 98 101 100 98 98 98 100 101 100 99 
98 99 99 99 100 100 100 99 99 99 100 100 99 99 99 
100 100 99 99 99 99 100 99 100 99 100 99 99 99 99 
99 100 100 98 98 98 99 101 100 100 99 99 100 99 100 
99 100 99 100 100 99 100 99 99 99 100 99 100 100 99 
99 99 100 99 99 99 99 99 99 99 99 99 101 98 98 
99 99 101 99 100 99 99 99 100 100 99 100 98 101 99 
100 99 100 99 99 100 99 99 99 99 99 100 99 100 99 
100 99 99 99 100 97 99 101 98 99 100 100 100 99 99 
99 100 100 100 100 99 100 98 100 98 100 99 100 99 99 
100 99 99 99 99 99 100 99 100 99 99 99 100 100 100 
97 99 101 98 99 99 99 101 99 100 99 99 99 100 100 
100 99 98 100 99 101 99 100 98 100 99 100 99 99 99 
100 100 99 100 99 99 99 99 99 99 96 100 101 98 99 
99 99 99 100 100 99 100 99 99 100 99 99 100 100 100 
100 99 100 99 100 99 100 100 100 99 100 99 99 100 99 
99 99 100 99 100 96 101 101 99 99 99 99 100 100 100 
99 100 98 99 100 99 99 100 100 100 100 99 99 98 99 
99 99 99 100 99 99 99 99 99 99 99 99 100 99 100 
97 100 101 98 98 99 99 100 100 100 100 100 98 99 99 
99 99 100 100 100 100 98 99 98 99 99 100 100 100 100 
99 99 99 99 99 99 99 99 100 99 96 98 101 98 98 
98 99 101 101 101 100 100 99 99 100 99 99 100 100 100 
99 99 99 99 99 99 100 100 99 99 99 99 99 100 99 
100 100 100 99 100 96 99 102 97 99 99 100 101 100 100 
99 99 99 99 100 99 100 100 100 100 100 99 99 98 99 
100 100 100 100 99 99 99 99 100 99 99 99 100 99 99 
96 98 102 98 100 99 100 100 100 100 99 99 99 99 100 
98 100 99 101 100 99 100 99 99 99 100 99 100 99 99 
99 99 100 99 99 100 99 99 99 99 98 98 101 98 98 
99 99 100 100 100 99 100 98 99 101 98 101 100 101 100 
100 99 100 99 99 100 100 100 99 99 100 99 100 100 99 
99 100 99 100 99 98 98 100 98 98 99 100 100 99 100 
100 100 98 100 102 98 99 99 101 101 100 98 99 99 99 
100 99 100 100 98 100 100 99 99 100 99 99 99 100 100 


101 101 98 98 99 100 100 100 100 98 99 100 101 100 100 
100 98 99 100 100 100 100 99 99 99 99 100 99 99 99 
99 99 99 100 99 99 99 99 99 99 101 101 98 98 99 
100 100 100 100 98 99 100 101 100 100 100 98 99 100 100 
100 100 99 99 99 99 100 99 99 99 99 99 99 100 99 
99 99 99 99 99 101 101 98 98 99 100 100 100 100 98 
99 100 101 100 100 100 98 99 100 100 100 100 99 99 99 
99 100 99 99 99 99 99 99 100 99 99 99 99 99 99 
101 101 98 98 99 100 100 100 100 98 99 100 101 100 100 
100 98 99 100 100 100 100 99 99 99 99 100 99 99 99 
99 99 99 100 99 99 99 99 99 99 101 101 98 98 99 
100 100 100 100 98 99 100 101 100 100 100 98 99 100 100 
100 100 99 99 99 99 100 99 99 99 99 99 99 100 99 
99 99 99 99 99 101 101 98 98 99 100 100 100 100 98 
99 100 101 100 100 100 98 99 100 100 100 100 99 99 99 
99 100 99 99 99 99 99 99 100 99 99 99 99 99 99 
101 101 98 98 99 100 100 100 100 98 99 100 101 100 100 
100 98 99 100 100 100 100 99 99 99 99 100 99 99 99 
99 99 99 100 99 99 99 99 99 99 101 101 98 98 99 
100 100 100 100 98 99 100 101 100 100 100 98 99 100 100 
100 100 99 99 99 99 100 99 99 99 99 99 99 100 99 
99 99 99 99 99 101 101 98 98 99 100 100 100 100 98 
99 100 101 100 100 100 98 99 100 100 100 100 99 99 99 
99 100 99 99 99 99 99 99 100 99 99 99 99 99 99 
101 101 98 98 99 100 100 100 100 98 99 100 101 100 100 
100 98 99 100 100 100 100 99 99 99 99 100 99 99 99 
99 99 99 100 99 99 99 99 99 99 101 101 98 98 99 
100 100 100 100 98 99 100 101 100 100 100 98 99 100 100 
100 100 99 99 99 99 100 99 99 99 99 99 99 100 99 
99 99 99 99 99 101 101 98 98 99 100 100 100 100 98 
99 100 101 100 100 100 98 99 100 100 100 100 99 99 99 
99 100 99 99 99 99 99 99 100 99 99 99 99 99 99 
101 101 98 98 99 100 100 100 100 98 99 100 101 100 100 
100 98 99 100 100 100 100 99 99 99 99 100 99 99 99 
99 99 99 100 99 99 99 99 99 99 101 101 98 98 99 
100 100 100 100 98 99 100 101 100 100 100 98 99 100 100 
100 100 99 99 99 99 100 99 99 99 99 99 99 100 99 
99 99 99 99 99 98 101 99 99 99 98 101 101 100 99 
98 100 100 100 101 100 98 98 100 100 99 100 100 99 99 
99 99 99 99 100 99 99 99 100 99 99 100 99 99 99 
98 101 100 98 98 98 100 101 100 99 98 99 99 99 100 
100 100 99 99 99 100 100 99 99 99 100 100 99 99 99 
99 100 99 100 99 100 99 99 99 99 99 100 100 98 98 
98 99 101 100 100 99 99 100 99 100 99 100 99 100 100 
99 100 99 99 99 100 99 100 100 99 99 99 100 99 99 
99 99 99 99 99 99 99 101 98 98 99 99 101 99 100 
99 99 99 100 100 99 100 98 101 99 100 99 100 99 99 
100 99 99 99 99 99 100 99 100 99 100 99 99 99 100 
97 99 101 98 99 100 100 100 99 99 99 100 100 100 100 
99 100 98 100 98 100 99 100 99 99 100 99 99 99 99 
99 100 99 100 99 99 99 100 100 100 97 99 101 98 99 
99 99 101 99 100 99 99 99 100 100 100 99 98 100 99 
101 99 100 98 100 99 100 99 99 99 100 100 99 100 99 
99 99 99 99 99 96 100 101 98 99 99 99 99 100 100 
99 100 99 99 100 99 99 100 100 100 100 99 100 99 100 
99 100 100 100 99 100 99 99 100 99 99 99 100 99 100 
96 101 101 99 99 99 99 100 100 100 99 100 98 99 100 
99 99 100 100 100 100 99 99 98 99 99 99 99 100 99 
99 99 99 99 99 99 99 100 99 100 97 100 101 98 98 
99 99 100 100 100 100 100 98 99 99 99 99 100 100 100 
100 98 99 98 99 99 100 100 100 100 99 99 99 99 99 
99 99 99 100 99 96 98 101 98 98 98 99 101 101 101 
100 100 99 99 100 99 99 100 100 100 99 99 99 99 99 
99 100 100 99 99 99 99 99 100 99 100 100 100 99 100 
96 99 102 97 99 99 100 101 100 100 99 99 99 99 100 
99 100 100 100 100 100 99 99 98 99 100 100 100 100 99 
99 99 99 100 99 99 99 100 99 99 96 98 102 98 100 
99 100 100 100 100 99 99 99 99 100 98 100 99 101 100 
99 100 99 99 99 100 99 100 99 99 99 99 100 99 99 
100 99 99 99 99 98 98 101 98 98 99 99 100 100 100 
99 100 98 99 101 98 101 100 101 100 100 99 100 99 99 
100 100 100 99 99 100 99 100 100 99 99 100 99 100 99 
98 98 100 98 98 99 100 100 99 100 100 100 98 100 102 
98 99 99 101 101 100 98 99 99 99 100 99 100 100 98 
100 100 99 99 100 99 99 99 100 100 97 98 100 98 98 
100 100 100 98 101 102 101 96 99 102 99 98 99 101 101 
100 99 100 99 100 100 99 100 100 99 100 99 99 99 99 
99 100 99 99 100 99 98 99 97 99 99 100 100 99 100 
102 101 97 98 102 99 98 99 100 101 100 99 99 99 100 
100 99 99 100 100 99 99 99 100 99 100 100 100 99 99 


101 101 98 98 99 100 100 100 100 98 99 100 101 100 100 
100 98 99 100 100 100 100 99 99 99 99 100 99 99 99 
99 99 99 100 99 99 99 99 99 99 101 101 98 98 99 
100 100 100 100 98 99 100 101 100 100 100 98 99 100 100 
100 100 99 99 99 99 100 99 99 99 99 99 99 100 99 
99 99 99 99 99 101 101 98 98 99 100 100 100 100 98 
99 100 101 100 100 100 98 99 100 100 100 100 99 99 99 
99 100 99 99 99 99 99 99 100 99 99 99 99 99 99 
101 101 98 98 99 100 100 100 100 98 99 100 101 100 100 
100 98 99 100 100 100 100 99 99 99 99 100 99 99 99 
99 99 99 100 99 99 99 99 99 99 101 101 98 98 99 
100 100 100 100 98 99 100 101 100 100 100 98 99 100 100 
100 100 99 99 99 99 100 99 99 99 99 99 99 100 99 
99 99 99 99 99 101 101 98 98 99 100 100 100 100 98 
99 100 101 100 100 100 98 99 100 100 100 100 99 99 99 
99 100 99 99 99 99 99 99 100 99 99 99 99 99 99 
101 101 98 98 99 100 100 100 100 98 99 100 101 100 100 
100 98 99 100 100 100 100 99 99 99 99 100 99 99 99 
99 99 99 100 99 99 99 99 99 99 101 101 98 98 99 
100 100 100 100 98 99 100 101 100 100 100 98 99 100 100 
100 100 99 99 99 99 100 99 99 99 99 99 99 100 99 
99 99 99 99 99 101 101 98 98 99 100 100 100 100 98 
99 100 101 100 100 100 98 99 100 100 100 100 99 99 99 
99 100 99 99 99 99 99 99 100 99 99 99 99 99 99 
101 101 98 98 99 100 100 100 100 98 99 100 101 100 100 
100 98 99 100 100 100 100 99 99 99 99 100 99 99 99 
99 99 99 100 99 99 99 99 99 99 101 101 98 98 99 
100 100 100 100 98 99 100 101 100 100 100 98 99 100 100 
100 100 99 99 99 99 100 99 99 99 99 99 99 100 99 
99 99 99 99 99 101 101 98 98 99 100 100 100 100 98 
99 100 101 100 100 100 98 99 100 100 100 100 99 99 99 
99 100 99 99 99 99 99 99 100 99 99 99 99 99 99 
98 101 99 99 99 98 101 101 100 99 98 100 100 100 101 
100 98 98 100 100 99 100 100 99 99 99 99 99 99 100 
99 99 99 100 99 99 100 99 99 99 98 101 100 98 98 
98 100 101 100 99 98 99 99 99 100 100 100 99 99 99 
100 100 99 99 99 100 100 99 99 99 99 100 99 100 99 
100 99 99 99 99 99 100 100 98 98 98 99 101 100 100 
99 99 100 99 100 99 100 99 100 100 99 100 99 99 99 
100 99 100 100 99 99 99 100 99 99 99 99 99 99 99 
99 99 101 98 98 99 99 101 99 100 99 99 99 100 100 
99 100 98 101 99 100 99 100 99 99 100 99 99 99 99 
99 100 99 100 99 100 99 99 99 100 97 99 101 98 99 
100 100 100 99 99 99 100 100 100 100 99 100 98 100 98 
100 99 100 99 99 100 99 99 99 99 99 100 99 100 99 
99 99 100 100 100 97 99 101 98 99 99 99 101 99 100 
99 99 99 100 100 100 99 98 100 99 101 99 100 98 100 
99 100 99 99 99 100 100 99 100 99 99 99 99 99 99 
96 100 101 98 99 99 99 99 100 100 99 100 99 99 100 
99 99 100 100 100 100 99 100 99 100 99 100 100 100 99 
100 99 99 100 99 99 99 100 99 100 96 101 101 99 99 
99 99 100 100 100 99 100 98 99 100 99 99 100 100 100 
100 99 99 98 99 99 99 99 100 99 99 99 99 99 99 
99 99 100 99 100 97 100 101 98 98 99 99 100 100 100 
100 100 98 99 99 99 99 100 100 100 100 98 99 98 99 
99 100 100 100 100 99 99 99 99 99 99 99 99 100 99 
96 98 101 98 98 98 99 101 101 101 100 100 99 99 100 
99 99 100 100 100 99 99 99 99 99 99 100 100 99 99 
99 99 99 100 99 100 100 100 99 100 96 99 102 97 99 
99 100 101 100 100 99 99 99 99 100 99 100 100 100 100 
100 99 99 98 99 100 100 100 100 99 99 99 99 100 99 
99 99 100 99 99 96 98 102 98 100 99 100 100 100 100 
99 99 99 99 100 98 100 99 101 100 99 100 99 99 99 
100 99 100 99 99 99 99 100 99 99 100 99 99 99 99 
98 98 101 98 98 99 99 100 100 100 99 100 98 99 101 
98 101 100 101 100 100 99 100 99 99 100 100 100 99 99 
100 99 100 100 99 99 100 99 100 99 98 98 100 98 98 
99 100 100 99 100 100 100 98 100 102 98 99 99 101 101 
100 98 99 99 99 100 99 100 100 98 100 100 99 99 100 
99 99 99 100 100 97 98 100 98 98 100 100 100 98 101 
102 101 96 99 102 99 98 99 101 101 100 99 100 99 100 
100 99 100 100 99 100 99 99 99 99 99 100 99 99 100 
99 98 99 97 99 99 100 100 99 100 102 101 97 98 102 
99 98 99 100 101 100 99 99 99 100 100 99 99 100 100 
99 99 99 100 99 100 100 100 99 99 99 98 98 98 99 
99 99 100 101 100 100 101 98 98 101 99 98 100 100 100 
100 99 99 99 99 100 99 99 99 100 100 99 99 100 99 
99 99 100 99 99 100 98 99 99 100 99 99 100 100 99 
99 101 98 98 101 99 99 99 100 101 100 100 99 99 99 
100 100 99 100 100 100 99 99 100 100 100 99 100 100 99 


101 101 98 98 99 100 100 100 100 98 99 100 101 100 100 
100 98 99 100 100 100 100 99 99 99 99 100 99 99 99 
99 99 99 100 99 99 99 99 99 99 101 101 98 98 99 
100 100 100 100 98 99 100 101 100 100 100 98 99 100 100 
100 100 99 99 99 99 100 99 99 99 99 99 99 100 99 
99 99 99 99 99 101 101 98 98 99 100 100 100 100 98 
99 100 101 100 100 100 98 99 100 100 100 100 99 99 99 
99 100 99 99 99 99 99 99 100 99 99 99 99 99 99 
101 101 98 98 99 100 100 100 100 98 99 100 101 100 100 
100 98 99 100 100 100 100 99 99 99 99 100 99 99 99 
99 99 99 100 99 99 99 99 99 99 101 101 98 98 99 
100 100 100 100 98 99 100 101 100 100 100 98 99 100 100 
100 100 99 99 99 99 100 99 99 99 99 99 99 100 99 
99 99 99 99 99 101 101 98 98 99 100 100 100 100 98 
99 100 101 100 100 100 98 99 100 100 100 100 99 99 99 
99 100 99 99 99 99 99 99 100 99 99 99 99 99 99 
101 101 98 98 99 100 100 100 100 98 99 100 101 100 100 
100 98 99 100 100 100 100 99 99 99 99 100 99 99 99 
99 99 99 100 99 99 99 99 99 99 101 101 98 98 99 
100 100 100 100 98 99 100 101 100 100 100 98 99 100 100 
100 100 99 99 99 99 100 99 99 99 99 99 99 100 99 
99 99 99 99 99 101 101 98 98 99 100 100 100 100 98 
99 100 101 100 100 100 98 99 100 100 100 100 99 99 99 
99 100 99 99 99 99 99 99 100 99 99 99 99 99 99 
101 101 98 98 99 100 100 100 100 98 99 100 101 100 100 
100 98 99 100 100 100 100 99 99 99 99 100 99 99 99 
99 99 99 100 99 99 99 99 99 99 98 101 99 99 99 
98 101 101 100 99 98 100 100 100 101 100 98 98 100 100 
99 100 100 99 99 99 99 99 99 100 99 99 99 100 99 
99 100 99 99 99 98 101 100 98 98 98 100 101 100 99 
98 99 99 99 100 100 100 99 99 99 100 100 99 99 99 
100 100 99 99 99 99 100 99 100 99 100 99 99 99 99 
99 100 100 98 98 98 99 101 100 100 99 99 100 99 100 
99 100 99 100 100 99 100 99 99 99 100 99 100 100 99 
99 99 100 99 99 99 99 99 99 99 99 99 101 98 98 
99 99 101 99 100 99 99 99 100 100 99 100 98 101 99 
100 99 100 99 99 100 99 99 99 99 99 100 99 100 99 
100 99 99 99 100 97 99 101 98 99 100 100 100 99 99 
99 100 100 100 100 99 100 98 100 98 100 99 100 99 99 
100 99 99 99 99 99 100 99 100 99 99 99 100 100 100 
97 99 101 98 99 99 99 101 99 100 99 99 99 100 100 
100 99 98 100 99 101 99 100 98 100 99 100 99 99 99 
100 100 99 100 99 99 99 99 99 99 96 100 101 98 99 
99 99 99 100 100 99 100 99 99 100 99 99 100 100 100 
100 99 100 99 100 99 100 100 100 99 100 99 99 100 99 
99 99 100 99 100 96 101 101 99 99 99 99 100 100 100 
99 100 98 99 100 99 99 100 100 100 100 99 99 98 99 
99 99 99 100 99 99 99 99 99 99 99 99 100 99 100 
97 100 101 98 98 99 99 100 100 100 100 100 98 99 99 
99 99 100 100 100 100 98 99 98 99 99 100 100 100 100 
99 99 99 99 99 99 99 99 100 99 96 98 101 98 98 
98 99 101 101 101 100 100 99 99 100 99 99 100 100 100 
99 99 99 99 99 99 100 100 99 99 99 99 99 100 99 
100 100 100 99 100 96 99 102 97 99 99 100 101 100 100 
99 99 99 99 100 99 100 100 100 100 100 99 99 98 99 
100 100 100 100 99 99 99 99 100 99 99 99 100 99 99 
96 98 102 98 100 99 100 100 100 100 99 99 99 99 100 
98 100 99 101 100 99 100 99 99 99 100 99 100 99 99 
99 99 100 99 99 100 99 99 99 99 98 98 101 98 98 
99 99 100 100 100 99 100 98 99 101 98 101 100 101 100 
100 99 100 99 99 100 100 100 99 99 100 99 100 100 99 
99 100 99 100 99 98 98 100 98 98 99 100 100 99 100 
100 100 98 100 102 98 99 99 101 101 100 98 99 99 99 
100 99 100 100 98 100 100 99 99 100 99 99 99 100 100 
97 98 100 98 98 100 100 100 98 101 102 101 96 99 102 
99 98 99 101 101 100 99 100 99 100 100 99 100 100 99 
100 99 99 99 99 99 100 99 99 100 99 98 99 97 99 
99 100 100 99 100 102 101 97 98 102 99 98 99 100 101 
100 99 99 99 100 100 99 99 100 100 99 99 99 100 99 
100 100 100 99 99 99 98 98 98 99 99 99 100 101 100 
100 101 98 98 101 99 98 100 100 100 100 99 99 99 99 
100 99 99 99 100 100 99 99 100 99 99 99 100 99 99 
100 98 99 99 100 99 99 100 100 99 99 101 98 98 101 
99 99 99 100 101 100 100 99 99 99 100 100 99 100 100 
100 99 99 100 100 100 99 100 100 99 99 98 99 100 101 
100 99 100 100 99 99 100 98 98 101 100 99 100 100 101 
99 99 100 100 99 100 100 100 99 100 99 99 99 100 100 
100 99 100 99 99 98 98 99 100 100 99 100 100 100 100 
99 100 98 97 101 100 99 100 99 101 99 99 100 100 99 
100 99 99 100 99 100 100 99 100 99 100 99 100 100 99 


101 101 98 98 99 100 100 100 100 98 99 100 101 100 100 
100 98 99 100 100 100 100 99 99 99 99 100 99 99 99 
99 99 99 100 99 99 99 99 99 99 101 101 98 98 99 
100 100 100 100 98 99 100 101 100 100 100 98 99 100 100 
100 100 99 99 99 99 100 99 99 99 99 99 99 100 99 
99 99 99 99 99 101 101 98 98 99 100 100 100 100 98 
99 100 101 100 100 100 98 99 100 100 100 100 99 99 99 
99 100 99 99 99 99 99 99 100 99 99 99 99 99 99 
101 101 98 98 99 100 100 100 100 98 99 100 101 100 100 
100 98 99 100 100 100 100 99 99 99 99 100 99 99 99 
99 99 99 100 99 99 99 99 99 99 101 101 98 98 99 
100 100 100 100 98 99 100 101 100 100 100 98 99 100 100 
100 100 99 99 99 99 100 99 99 99 99 99 99 100 99 
99 99 99 99 99 101 101 98 98 99 100 100 100 100 98 
99 100 101 100 100 100 98 99 100 100 100 100 99 99 99 
99 100 99 99 99 99 99 99 100 99 99 99 99 99 99 
101 101 98 98 99 100 100 100 100 98 99 100 101 100 100 
100 98 99 100 100 100 100 99 99 99 99 100 99 99 99 
99 99 99 100 99 99 99 99 99 99 101 101 98 98 99 
100 100 100 100 98 99 100 101 100 100 100 98 99 100 100 
100 100 99 99 99 99 100 99 99 99 99 99 99 100 99 
99 99 99 99 99 98 101 99 99 99 98 101 101 100 99 
98 100 100 100 101 100 98 98 100 100 99 100 100 99 99 
99 99 99 99 100 99 99 99 100 99 99 100 99 99 99 
98 101 100 98 98 98 100 101 100 99 98 99 99 99 100 
100 100 99 99 99 100 100 99 99 99 100 100 99 99 99 
99 100 99 100 99 100 99 99 99 99 99 100 100 98 98 
98 99 101 100 100 99 99 100 99 100 99 100 99 100 100 
99 100 99 99 99 100 99 100 100 99 99 99 100 99 99 
99 99 99 99 99 99 99 101 98 98 99 99 101 99 100 
99 99 99 100 100 99 100 98 101 99 100 99 100 99 99 
100 99 99 99 99 99 100 99 100 99 100 99 99 99 100 
97 99 101 98 99 100 100 100 99 99 99 100 100 100 100 
99 100 98 100 98 100 99 100 99 99 100 99 99 99 99 
99 100 99 100 99 99 99 100 100 100 97 99 101 98 99 
99 99 101 99 100 99 99 99 100 100 100 99 98 100 99 
101 99 100 98 100 99 100 99 99 99 100 100 99 100 99 
99 99 99 99 99 96 100 101 98 99 99 99 99 100 100 
99 100 99 99 100 99 99 100 100 100 100 99 100 99 100 
99 100 100 100 99 100 99 99 100 99 99 99 100 99 100 
96 101 101 99 99 99 99 100 100 100 99 100 98 99 100 
99 99 100 100 100 100 99 99 98 99 99 99 99 100 99 
99 99 99 99 99 99 99 100 99 100 97 100 101 98 98 
99 99 100 100 100 100 100 98 99 99 99 99 100 100 100 
100 98 99 98 99 99 100 100 100 100 99 99 99 99 99 
99 99 99 100 99 96 98 101 98 98 98 99 101 101 101 
100 100 99 99 100 99 99 100 100 100 99 99 99 99 99 
99 100 100 99 99 99 99 99 100 99 100 100 100 99 100 
96 99 102 97 99 99 100 101 100 100 99 99 99 99 100 
99 100 100 100 100 100 99 99 98 99 100 100 100 100 99 
99 99 99 100 99 99 99 100 99 99 96 98 102 98 100 
99 100 100 100 100 99 99 99 99 100 98 100 99 101 100 
99 100 99 99 99 100 99 100 99 99 99 99 100 99 99 
100 99 99 99 99 98 98 101 98 98 99 99 100 100 100 
99 100 98 99 101 98 101 100 101 100 100 99 100 99 99 
100 100 100 99 99 100 99 100 100 99 99 100 99 100 99 
98 98 100 98 98 99 100 100 99 100 100 100 98 100 102 
98 99 99 101 101 100 98 99 99 99 100 99 100 100 98 
100 100 99 99 100 99 99 99 100 100 97 98 100 98 98 
100 100 100 98 101 102 101 96 99 102 99 98 99 101 101 
100 99 100 99 100 100 99 100 100 99 100 99 99 99 99 
99 100 99 99 100 99 98 99 97 99 99 100 100 99 100 
102 101 97 98 102 99 98 99 100 101 100 99 99 99 100 
100 99 99 100 100 99 99 99 100 99 100 100 100 99 99 
99 98 98 98 99 99 99 100 101 100 100 101 98 98 101 
99 98 100 100 100 100 99 99 99 99 100 99 99 99 100 
100 99 99 100 99 99 99 100 99 99 100 98 99 99 100 
99 99 100 100 99 99 101 98 98 101 99 99 99 100 101 
100 100 99 99 99 100 100 99 100 100 100 99 99 100 100 
100 99 100 100 99 99 98 99 100 101 100 99 100 100 99 
99 100 98 98 101 100 99 100 100 101 99 99 100 100 99 
100 100 100 99 100 99 99 99 100 100 100 99 100 99 99 
98 98 99 100 100 99 100 100 100 100 99 100 98 97 101 
100 99 100 99 101 99 99 100 100 99 100 99 99 100 99 
100 100 99 100 99 100 99 100 100 99 100 98 98 99 100 
98 99 99 101 100 98 101 99 96 101 100 98 100 99 101 
100 98 99 100 99 99 100 100 100 99 99 99 99 100 100 
100 99 99 99 99 101 98 98 100 100 98 99 100 101 100 
99 100 100 98 100 100 98 100 99 100 100 99 99 100 99 
99 99 99 100 99 99 99 99 100 100 100 99 100 100 99 


101 101 98 98 99 100 100 100 100 98 99 100 101 100 100 
100 98 99 100 100 100 100 99 99 99 99 100 99 99 99 
99 99 99 100 99 99 99 99 99 99 101 101 98 98 99 
100 100 100 100 98 99 100 101 100 100 100 98 99 100 100 
100 100 99 99 99 99 100 99 99 99 99 99 99 100 99 
99 99 99 99 99 101 101 98 98 99 100 100 100 100 98 
99 100 101 100 100 100 98 99 100 100 100 100 99 99 99 
99 100 99 99 99 99 99 99 100 99 99 99 99 99 99 
101 101 98 98 99 100 100 100 100 98 99 100 101 100 100 
100 98 99 100 100 100 100 99 99 99 99 100 99 99 99 
99 99 99 100 99 99 99 99 99 99 101 101 98 98 99 
100 100 100 100 98 99 100 101 100 100 100 98 99 100 100 
100 100 99 99 99 99 100 99 99 99 99 99 99 100 99 
99 99 99 99 99 101 101 98 98 99 100 100 100 100 98 
99 100 101 100 100 100 98 99 100 100 100 100 99 99 99 
99 100 99 99 99 99 99 99 100 99 99 99 99 99 99 
98 101 99 99 99 98 101 101 100 99 98 100 100 100 101 
100 98 98 100 100 99 100 100 99 99 99 99 99 99 100 
99 99 99 100 99 99 100 99 99 99 98 101 100 98 98 
98 100 101 100 99 98 99 99 99 100 100 100 99 99 99 
100 100 99 99 99 100 100 99 99 99 99 100 99 100 99 
100 99 99 99 99 99 100 100 98 98 98 99 101 100 100 
99 99 100 99 100 99 100 99 100 100 99 100 99 99 99 
100 99 100 100 99 99 99 100 99 99 99 99 99 99 99 
99 99 101 98 98 99 99 101 99 100 99 99 99 100 100 
99 100 98 101 99 100 99 100 99 99 100 99 99 99 99 
99 100 99 100 99 100 99 99 99 100 97 99 101 98 99 
100 100 100 99 99 99 100 100 100 100 99 100 98 100 98 
100 99 100 99 99 100 99 99 99 99 99 100 99 100 99 
99 99 100 100 100 97 99 101 98 99 99 99 101 99 100 
99 99 99 100 100 100 99 98 100 99 101 99 100 98 100 
99 100 99 99 99 100 100 99 100 99 99 99 99 99 99 
96 100 101 98 99 99 99 99 100 100 99 100 99 99 100 
99 99 100 100 100 100 99 100 99 100 99 100 100 100 99 
100 99 99 100 99 99 99 100 99 100 96 101 101 99 99 
99 99 100 100 100 99 100 98 99 100 99 99 100 100 100 
100 99 99 98 99 99 99 99 100 99 99 99 99 99 99 
99 99 100 99 100 97 100 101 98 98 99 99 100 100 100 
100 100 98 99 99 99 99 100 100 100 100 98 99 98 99 
99 100 100 100 100 99 99 99 99 99 99 99 99 100 99 
96 98 101 98 98 98 99 101 101 101 100 100 99 99 100 
99 99 100 100 100 99 99 99 99 99 99 100 100 99 99 
99 99 99 100 99 100 100 100 99 100 96 99 102 97 99 
99 100 101 100 100 99 99 99 99 100 99 100 100 100 100 
100 99 99 98 99 100 100 100 100 99 99 99 99 100 99 
99 99 100 99 99 96 98 102 98 100 99 100 100 100 100 
99 99 99 99 100 98 100 99 101 100 99 100 99 99 99 
100 99 100 99 99 99 99 100 99 99 100 99 99 99 99 
98 98 101 98 98 99 99 100 100 100 99 100 98 99 101 
98 101 100 101 100 100 99 100 99 99 100 100 100 99 99 
100 99 100 100 99 99 100 99 100 99 98 98 100 98 98 
99 100 100 99 100 100 100 98 100 102 98 99 99 101 101 
100 98 99 99 99 100 99 100 100 98 100 100 99 99 100 
99 99 99 100 100 97 98 100 98 98 100 100 100 98 101 
102 101 96 99 102 99 98 99 101 101 100 99 100 99 100 
100 99 100 100 99 100 99 99 99 99 99 100 99 99 100 
99 98 99 97 99 99 100 100 99 100 102 101 97 98 102 
99 98 99 100 101 100 99 99 99 100 100 99 99 100 100 
99 99 99 100 99 100 100 100 99 99 99 98 98 98 99 
99 99 100 101 100 100 101 98 98 101 99 98 100 100 100 
100 99 99 99 99 100 99 99 99 100 100 99 99 100 99 
99 99 100 99 99 100 98 99 99 100 99 99 100 100 99 
99 101 98 98 101 99 99 99 100 101 100 100 99 99 99 
100 100 99 100 100 100 99 99 100 100 100 99 100 100 99 
99 98 99 100 101 100 99 100 100 99 99 100 98 98 101 
100 99 100 100 101 99 99 100 100 99 100 100 100 99 100 
99 99 99 100 100 100 99 100 99 99 98 98 99 100 100 
99 100 100 100 100 99 100 98 97 101 100 99 100 99 101 
99 99 100 100 99 100 99 99 100 99 100 100 99 100 99 
100 99 100 100 99 100 98 98 99 100 98 99 99 101 100 
98 101 99 96 101 100 98 100 99 101 100 98 99 100 99 
99 100 100 100 99 99 99 99 100 100 100 99 99 99 99 
101 98 98 100 100 98 99 100 101 100 99 100 100 98 100 
100 98 100 99 100 100 99 99 100 99 99 99 99 100 99 
99 99 99 100 100 100 99 100 100 99 104 99 97 100 100 
98 99 100 101 100 99 99 99 99 100 100 99 99 100 99 
100 99 99 99 100 100 99 99 100 100 99 100 99 100 100 
99 99 100 100 99 104 99 97 100 101 99 99 99 100 100 
100 99 99 99 100 101 99 99 99 99 100 100 99 99 100 
100 99 99 99 99 100 99 99 99 100 99 99 100 99 99 


101 101 98 98 99 100 100 100 100 98 99 100 101 100 100 
100 98 99 100 100 100 100 99 99 99 99 100 99 99 99 
99 99 99 100 99 99 99 99 99 99 101 101 98 98 99 
100 100 100 100 98 99 100 101 100 100 100 98 99 100 100 
100 100 99 99 99 99 100 99 99 99 99 99 99 100 99 
99 99 99 99 99 101 101 98 98 99 100 100 100 100 98 
99 100 101 100 100 100 98 99 100 100 100 100 99 99 99 
99 100 99 99 99 99 99 99 100 99 99 99 99 99 99 
101 101 98 98 99 100 100 100 100 98 99 100 101 100 100 
100 98 99 100 100 100 100 99 99 99 99 100 99 99 99 
99 99 99 100 99 99 99 99 99 99 98 101 99 99 99 
98 101 101 100 99 98 100 100 100 101 100 98 98 100 100 
99 100 100 99 99 99 99 99 99 100 99 99 99 100 99 
99 100 99 99 99 98 101 100 98 98 98 100 101 100 99 
98 99 99 99 100 100 100 99 99 99 100 100 99 99 99 
100 100 99 99 99 99 100 99 100 99 100 99 99 99 99 
99 100 100 98 98 98 99 101 100 100 99 99 100 99 100 
99 100 99 100 100 99 100 99 99 99 100 99 100 100 99 
99 99 100 99 99 99 99 99 99 99 99 99 101 98 98 
99 99 101 99 100 99 99 99 100 100 99 100 98 101 99 
100 99 100 99 99 100 99 99 99 99 99 100 99 100 99 
100 99 99 99 100 97 99 101 98 99 100 100 100 99 99 
99 100 100 100 100 99 100 98 100 98 100 99 100 99 99 
100 99 99 99 99 99 100 99 100 99 99 99 100 100 100 
97 99 101 98 99 99 99 101 99 100 99 99 99 100 100 
100 99 98 100 99 101 99 100 98 100 99 100 99 99 99 
100 100 99 100 99 99 99 99 99 99 96 100 101 98 99 
99 99 99 100 100 99 100 99 99 100 99 99 100 100 100 
100 99 100 99 100 99 100 100 100 99 100 99 99 100 99 
99 99 100 99 100 96 101 101 99 99 99 99 100 100 100 
99 100 98 99 100 99 99 100 100 100 100 99 99 98 99 
99 99 99 100 99 99 99 99 99 99 99 99 100 99 100 
97 100 101 98 98 99 99 100 100 100 100 100 98 99 99 
99 99 100 100 100 100 98 99 98 99 99 100 100 100 100 
99 99 99 99 99 99 99 99 100 99 96 98 101 98 98 
98 99 101 101 101 100 100 99 99 100 99 99 100 100 100 
99 99 99 99 99 99 100 100 99 99 99 99 99 100 99 
100 100 100 99 100 96 99 102 97 99 99 100 101 100 100 
99 99 99 99 100 99 100 100 100 100 100 99 99 98 99 
100 100 100 100 99 99 99 99 100 99 99 99 100 99 99 
96 98 102 98 100 99 100 100 100 100 99 99 99 99 100 
98 100 99 101 100 99 100 99 99 99 100 99 100 99 99 
99 99 100 99 99 100 99 99 99 99 98 98 101 98 98 
99 99 100 100 100 99 100 98 99 101 98 101 100 101 100 
100 99 100 99 99 100 100 100 99 99 100 99 100 100 99 
99 100 99 100 99 98 98 100 98 98 99 100 100 99 100 
100 100 98 100 102 98 99 99 101 101 100 98 99 99 99 
100 99 100 100 98 100 100 99 99 100 99 99 99 100 100 
97 98 100 98 98 100 100 100 98 101 102 101 96 99 102 
99 98 99 101 101 100 99 100 99 100 100 99 100 100 99 
100 99 99 99 99 99 100 99 99 100 99 98 99 97 99 
99 100 100 99 100 102 101 97 98 102 99 98 99 100 101 
100 99 99 99 100 100 99 99 100 100 99 99 99 100 99 
100 100 100 99 99 99 98 98 98 99 99 99 100 101 100 
100 101 98 98 101 99 98 100 100 100 100 99 99 99 99 
100 99 99 99 100 100 99 99 100 99 99 99 100 99 99 
100 98 99 99 100 99 99 100 100 99 99 101 98 98 101 
99 99 99 100 101 100 100 99 99 99 100 100 99 100 100 
100 99 99 100 100 100 99 100 100 99 99 98 99 100 101 
100 99 100 100 99 99 100 98 98 101 100 99 100 100 101 
99 99 100 100 99 100 100 100 99 100 99 99 99 100 100 
100 99 100 99 99 98 98 99 100 100 99 100 100 100 100 
99 100 98 97 101 100 99 100 99 101 99 99 100 100 99 
100 99 99 100 99 100 100 99 100 99 100 99 100 100 99 
100 98 98 99 100 98 99 99 101 100 98 101 99 96 101 
100 98 100 99 101 100 98 99 100 99 99 100 100 100 99 
99 99 99 100 100 100 99 99 99 99 101 98 98 100 100 
98 99 100 101 100 99 100 100 98 100 100 98 100 99 100 
100 99 99 100 99 99 99 99 100 99 99 99 99 100 100 
100 99 100 100 99 104 99 97 100 100 98 99 100 101 100 
99 99 99 99 100 100 99 99 100 99 100 99 99 99 100 
100 99 99 100 100 99 100 99 100 100 99 99 100 100 99 
104 99 97 100 101 99 99 99 100 100 100 99 99 99 100 
101 99 99 99 99 100 100 99 99 100 100 99 99 99 99 
100 99 99 99 100 99 99 100 99 99 103 99 97 100 100 
100 99 99 100 99 99 99 98 98 100 100 99 99 99 99 
100 100 99 99 99 100 99 99 99 99 99 99 99 99 100 
99 100 100 99 99 100 98 97 99 100 100 100 99 99 99 
99 101 100 99 100 100 99 100 99 99 100 100 99 99 99 
100 100 99 99 99 99 100 99 99 100 99 99 100 99 99 


101 101 98 98 99 100 100 100 100 98 99 100 101 100 100 
100 98 99 100 100 100 100 99 99 99 99 100 99 99 99 
99 99 99 100 99 99 99 99 99 99 101 101 98 98 99 
100 100 100 100 98 99 100 101 100 100 100 98 99 100 100 
100 100 99 99 99 99 100 99 99 99 99 99 99 100 99 
99 99 99 99 99 98 101 99 99 99 98 101 101 100 99 
98 100 100 100 101 100 98 98 100 100 99 100 100 99 99 
99 99 99 99 100 99 99 99 100 99 99 100 99 99 99 
98 101 100 98 98 98 100 101 100 99 98 99 99 99 100 
100 100 99 99 99 100 100 99 99 99 100 100 99 99 99 
99 100 99 100 99 100 99 99 99 99 99 100 100 98 98 
98 99 101 100 100 99 99 100 99 100 99 100 99 100 100 
99 100 99 99 99 100 99 100 100 99 99 99 100 99 99 
99 99 99 99 99 99 99 101 98 98 99 99 101 99 100 
99 99 99 100 100 99 100 98 101 99 100 99 100 99 99 
100 99 99 99 99 99 100 99 100 99 100 99 99 99 100 
97 99 101 98 99 100 100 100 99 99 99 100 100 100 100 
99 100 98 100 98 100 99 100 99 99 100 99 99 99 99 
99 100 99 100 99 99 99 100 100 100 97 99 101 98 99 
99 99 101 99 100 99 99 99 100 100 100 99 98 100 99 
101 99 100 98 100 99 100 99 99 99 100 100 99 100 99 
99 99 99 99 99 96 100 101 98 99 99 99 99 100 100 
99 100 99 99 100 99 99 100 100 100 100 99 100 99 100 
99 100 100 100 99 100 99 99 100 99 99 99 100 99 100 
96 101 101 99 99 99 99 100 100 100 99 100 98 99 100 
99 99 100 100 100 100 99 99 98 99 99 99 99 100 99 
99 99 99 99 99 99 99 100 99 100 97 100 101 98 98 
99 99 100 100 100 100 100 98 99 99 99 99 100 100 100 
100 98 99 98 99 99 100 100 100 100 99 99 99 99 99 
99 99 99 100 99 96 98 101 98 98 98 99 101 101 101 
100 100 99 99 100 99 99 100 100 100 99 99 99 99 99 
99 100 100 99 99 99 99 99 100 99 100 100 100 99 100 
96 99 102 97 99 99 100 101 100 100 99 99 99 99 100 
99 100 100 100 100 100 99 99 98 99 100 100 100 100 99 
99 99 99 100 99 99 99 100 99 99 96 98 102 98 100 
99 100 100 100 100 99 99 99 99 100 98 100 99 101 100 
99 100 99 99 99 100 99 100 99 99 99 99 100 99 99 
100 99 99 99 99 98 98 101 98 98 99 99 100 100 100 
99 100 98 99 101 98 101 100 101 100 100 99 100 99 99 
100 100 100 99 99 100 99 100 100 99 99 100 99 100 99 
98 98 100 98 98 99 100 100 99 100 100 100 98 100 102 
98 99 99 101 101 100 98 99 99 99 100 99 100 100 98 
100 100 99 99 100 99 99 99 100 100 97 98 100 98 98 
100 100 100 98 101 102 101 96 99 102 99 98 99 101 101 
100 99 100 99 100 100 99 100 100 99 100 99 99 99 99 
99 100 99 99 100 99 98 99 97 99 99 100 100 99 100 
102 101 97 98 102 99 98 99 100 101 100 99 99 99 100 
100 99 99 100 100 99 99 99 100 99 100 100 100 99 99 
99 98 98 98 99 99 99 100 101 100 100 101 98 98 101 
99 98 100 100 100 100 99 99 99 99 100 99 99 99 100 
100 99 99 100 99 99 99 100 99 99 100 98 99 99 100 
99 99 100 100 99 99 101 98 98 101 99 99 99 100 101 
100 100 99 99 99 100 100 99 100 100 100 99 99 100 100 
100 99 100 100 99 99 98 99 100 101 100 99 100 100 99 
99 100 98 98 101 100 99 100 100 101 99 99 100 100 99 
100 100 100 99 100 99 99 99 100 100 100 99 100 99 99 
98 98 99 100 100 99 100 100 100 100 99 100 98 97 101 
100 99 100 99 101 99 99 100 100 99 100 99 99 100 99 
100 100 99 100 99 100 99 100 100 99 100 98 98 99 100 
98 99 99 101 100 98 101 99 96 101 100 98 100 99 101 
100 98 99 100 99 99 100 100 100 99 99 99 99 100 100 
100 99 99 99 99 101 98 98 100 100 98 99 100 101 100 
99 100 100 98 100 100 98 100 99 100 100 99 99 100 99 
99 99 99 100 99 99 99 99 100 100 100 99 100 100 99 
104 99 97 100 100 98 99 100 101 100 99 99 99 99 100 
100 99 99 100 99 100 99 99 99 100 100 99 99 100 100 
99 100 99 100 100 99 99 100 100 99 104 99 97 100 101 
99 99 99 100 100 100 99 99 99 100 101 99 99 99 99 
100 100 99 99 100 100 99 99 99 99 100 99 99 99 100 
99 99 100 99 99 103 99 97 100 100 100 99 99 100 99 
99 99 98 98 100 100 99 99 99 99 100 100 99 99 99 
100 99 99 99 99 99 99 99 99 100 99 100 100 99 99 
100 98 97 99 100 100 100 99 99 99 99 101 100 99 100 
100 99 100 99 99 100 100 99 99 99 100 100 99 99 99 
99 100 99 99 100 99 99 100 99 99 100 99 98 100 100 
100 99 98 100 100 99 100 99 99 100 100 99 99 99 99 
100 100 99 99 99 100 100 99 99 100 100 100 99 99 100 
99 99 99 99 100 99 99 98 100 99 100 99 99 99 99 
99 99 99 99 100 100 99 99 99 100 100 100 99 100 100 
100 99 99 99 99 99 99 100 100 99 99 99 100 99 99 


98 101 99 99 99 98 101 101 100 99 98 100 100 100 101 
100 98 98 100 100 99 100 100 99 99 99 99 99 99 100 
99 99 99 100 99 99 100 99 99 99 98 101 100 98 98 
98 100 101 100 99 98 99 99 99 100 100 100 99 99 99 
100 100 99 99 99 100 100 99 99 99 99 100 99 100 99 
100 99 99 99 99 99 100 100 98 98 98 99 101 100 100 
99 99 100 99 100 99 100 99 100 100 99 100 99 99 99 
100 99 100 100 99 99 99 100 99 99 99 99 99 99 99 
99 99 101 98 98 99 99 101 99 100 99 99 99 100 100 
99 100 98 101 99 100 99 100 99 99 100 99 99 99 99 
99 100 99 100 99 100 99 99 99 100 97 99 101 98 99 
100 100 100 99 99 99 100 100 100 100 99 100 98 100 98 
100 99 100 99 99 100 99 99 99 99 99 100 99 100 99 
99 99 100 100 100 97 99 101 98 99 99 99 101 99 100 
99 99 99 100 100 100 99 98 100 99 101 99 100 98 100 
99 100 99 99 99 100 100 99 100 99 99 99 99 99 99 
96 100 101 98 99 99 99 99 100 100 99 100 99 99 100 
99 99 100 100 100 100 99 100 99 100 99 100 100 100 99 
100 99 99 100 99 99 99 100 99 100 96 101 101 99 99 
99 99 100 100 100 99 100 98 99 100 99 99 100 100 100 
100 99 99 98 99 99 99 99 100 99 99 99 99 99 99 
99 99 100 99 100 97 100 101 98 98 99 99 100 100 100 
100 100 98 99 99 99 99 100 100 100 100 98 99 98 99 
99 100 100 100 100 99 99 99 99 99 99 99 99 100 99 
96 98 101 98 98 98 99 101 101 101 100 100 99 99 100 
99 99 100 100 100 99 99 99 99 99 99 100 100 99 99 
99 99 99 100 99 100 100 100 99 100 96 99 102 97 99 
99 100 101 100 100 99 99 99 99 100 99 100 100 100 100 
100 99 99 98 99 100 100 100 100 99 99 99 99 100 99 
99 99 100 99 99 96 98 102 98 100 99 100 100 100 100 
99 99 99 99 100 98 100 99 101 100 99 100 99 99 99 
100 99 100 99 99 99 99 100 99 99 100 99 99 99 99 
98 98 101 98 98 99 99 100 100 100 99 100 98 99 101 
98 101 100 101 100 100 99 100 99 99 100 100 100 99 99 
100 99 100 100 99 99 100 99 100 99 98 98 100 98 98 
99 100 100 99 100 100 100 98 100 102 98 99 99 101 101 
100 98 99 99 99 100 99 100 100 98 100 100 99 99 100 
99 99 99 100 100 97 98 100 98 98 100 100 100 98 101 
102 101 96 99 102 99 98 99 101 101 100 99 100 99 100 
100 99 100 100 99 100 99 99 99 99 99 100 99 99 100 
99 98 99 97 99 99 100 100 99 100 102 101 97 98 102 
99 98 99 100 101 100 99 99 99 100 100 99 99 100 100 
99 99 99 100 99 100 100 100 99 99 99 98 98 98 99 
99 99 100 101 100 100 101 98 98 101 99 98 100 100 100 
100 99 99 99 99 100 99 99 99 100 100 99 99 100 99 
99 99 100 99 99 100 98 99 99 100 99 99 100 100 99 
99 101 98 98 101 99 99 99 100 101 100 100 99 99 99 
100 100 99 100 100 100 99 99 100 100 100 99 100 100 99 
99 98 99 100 101 100 99 100 100 99 99 100 98 98 101 
100 99 100 100 101 99 99 100 100 99 100 100 100 99 100 
99 99 99 100 100 100 99 100 99 99 98 98 99 100 100 
99 100 100 100 100 99 100 98 97 101 100 99 100 99 101 
99 99 100 100 99 100 99 99 100 99 100 100 99 100 99 
100 99 100 100 99 100 98 98 99 100 98 99 99 101